編號,車位類別,車位價格,車位面積平方公尺,車位所在樓層
Serial number,berth category,berth price,berth area square meter,
RPPNMLKKNHHGFAD96DA,坡道平面,0,24.22,地下一樓
RPWQMLQKNHHGFAD58DA,坡道平面,0,,地下二樓
RPQPMLQKNHHGFAD87DA,坡道平面,0,,地下一樓
RPUOMLRKNHHGFCD48DA,升降機械,0,,地下三樓
RPUOMLRKNHHGFCD48DA,升降機械,0,,地下三樓
RPXNMLRKNHHGFHD56DA,坡道平面,0,27.88,地下二樓
RPROMLKKNHHGFID08DA,坡道平面,1700000,32.65,地下一樓
RPPPMLTKNHHGFAD08DA,坡道平面,0,44.77,地下二樓
RPPPMLTKNHHGFAD08DA,坡道平面,0,44.77,地下二樓
RPPQMLKLNHHGFCD57DA,升降平面,0,,地下一樓
RPXOMLNLNHHGFAD28DA,坡道平面,0,,地下三樓
RPSOMLLKNHHGFCD67DA,坡道平面,0,45.63,地下三樓
RPPOMLSKNHHGFID68DA,坡道平面,0,23.08,地下一樓
RPUWMLOLNHHGFBD98DA,坡道平面,0,,地下二樓
RPPPMLNKNHHGFKD48DA,坡道平面,0,22.39,地下二樓
RPWNMLOLNHHGFKD56DA,升降平面,0,,地下一樓
RPOPMLOLNHHGFCD87EA,坡道平面,0,,無固定樓層
RPWNMLPLNHHGFAD28DA,坡道平面,0,24.22,地下三樓
RPWNMLPLNHHGFAD28DA,坡道平面,0,24.22,地下三樓
RPSOMLMKNHHGFCD77DA,坡道平面,0,,地下二樓
RPUOMLOLNHHGFKD09DA,坡道機械,380000,5.00,地下三樓
RPVOMLQLNHHGFCD68EA,坡道平面,0,40.38,地下二樓
RPVOMLQLNHHGFCD68EA,坡道平面,0,40.38,地下二樓
RPVOMLQLNHHGFCD68EA,坡道平面,0,40.38,地下二樓
RPVOMLQLNHHGFCD68EA,坡道平面,0,40.38,地下二樓
RPVOMLQLNHHGFCD68EA,坡道平面,0,40.38,地下二樓
RPVOMLQLNHHGFCD68EA,坡道平面,0,40.38,地下二樓
RPVOMLQLNHHGFCD68EA,坡道平面,0,40.38,地下二樓
RPVOMLQLNHHGFCD68EA,坡道平面,0,40.38,地下二樓
RPVOMLQLNHHGFCD68EA,坡道平面,0,40.38,地下二樓
RPVOMLQLNHHGFCD68EA,坡道平面,0,40.38,地下二樓
RPSPMLQLNHHGFKD56DA,坡道平面,0,,地下一樓
RPSQMLQLNHHGFKD66DA,坡道機械,0,,地下二樓
RPWNMLRKNHHGFCD58DA,坡道平面,0,,地下二樓
RPRSMLLKNHHGFAD77DA,一樓平面,0,,一樓
RPTPMLKKNHHGFAD57DA,升降平面,0,,地下一樓
RPSSMLLKNHHGFAD87DA,一樓平面,0,,一樓
RPROMLKMNHHGFAD47DA,坡道平面,0,21.52,地下一樓
RPSOMLQLNHHGFCD28DA,坡道平面,0,27.82,地下二樓
RPPNMLPKNHHGFCD67DA,坡道機械,0,27.39,地下三樓
RPTRMLRLNHHGFAD58DA,坡道平面,0,32.55,地下二樓
RPSNMLOLNHHGFAD77DA,其他,0,12.05,一樓
RPPOMLSKNHHGFAD87DA,坡道平面,0,,地下一樓
RPUOMLKLNHHGFBD77DA,坡道機械,0,,地下二樓
RPQPMLKMNHHGFAD47DA,其他,920000,5.56,一樓
RPXNMLLJOHHGFAD87DA,升降機械,0,23.34,地下三樓
RPRQMLNLNHHGFKD88DA,坡道平面,0,22.39,地下二樓
RPRPMLLJOHHGFCD67DA,坡道平面,0,,地下四樓
RPSNMLNLNHHGFDD97DA,一樓平面,0,19.86,一樓
RPTNMLLJOHHGFCD67DA,升降機械,0,9.83,地下一樓
RPUNMLMJOHHGFAD67DA,坡道機械,0,10.50,地下一樓
RPSPMLMKNHHGFAD67DA,坡道平面,1200000,36.36,地下四樓
RPQNMLNLNHHGFAD47DA,坡道平面,0,,地下一樓
RPOOMLMJOHHGFAD17DA,坡道平面,1680000,32.44,地下二樓
RPRNMLQJOHHGFAD77DA,坡道平面,0,,地下三樓
RPRNMLPLNHHGFDD08DA,升降機械,0,,地下一樓
RPPOMLOLNHHGFHD28DA,坡道平面,0,,地下一樓
RPQNMLLJOHHGFDD47DA,其他,0,6.75,一樓
RPPPMLQJOHHGFAD77DA,坡道平面,0,,地下一樓
RPOQMLLMNHHGFAD47DA,升降平面,0,,地下一樓
RPTNMLRJNHHGFAD97DA,坡道機械,0,13.17,地下一樓
RPWNMLQKNHHGFAD28DA,坡道平面,0,34.26,地下一樓
RPSNMLQLNHHGFAD97DA,坡道平面,0,27.74,地下二樓
RPWNMLQJOHHGFAD28DA,升降機械,0,,地下一樓
RPSOMLMJOHHGFAD57DA,坡道平面,0,33.38,地下三樓
RPQQMLRJOHHGFAD08DA,坡道平面,1400000,23.58,地下五樓含以下
RPQQMLRJOHHGFAD08DA,坡道平面,1400000,23.58,地下五樓含以下
RPTNMLSJOHHGFBD28DA,坡道平面,0,,地下一樓
RPTNMLSJOHHGFBD28DA,坡道平面,0,,地下一樓
RPTNMLSJOHHGFBD28DA,坡道平面,0,,地下一樓
RPTNMLSJOHHGFBD28DA,坡道平面,0,,地下一樓
RPTNMLSJOHHGFBD28DA,坡道平面,0,,地下一樓
RPTNMLSJOHHGFBD28DA,坡道平面,0,,地下一樓
RPTNMLSJOHHGFBD28DA,坡道平面,0,,地下一樓
RPTNMLSJOHHGFBD28DA,坡道平面,0,,地下一樓
RPTNMLSJOHHGFBD28DA,坡道平面,0,,地下一樓
RPTNMLSJOHHGFBD28DA,坡道平面,0,,地下一樓
RPTNMLSJOHHGFBD28DA,坡道平面,0,,地下一樓
RPTNMLSJOHHGFBD28DA,坡道平面,0,,地下一樓
RPTNMLSJOHHGFBD28DA,坡道平面,0,,地下一樓
RPTNMLSJOHHGFBD28DA,坡道平面,0,,地下一樓
RPTNMLSJOHHGFBD28DA,坡道平面,0,,地下一樓
RPTNMLSJOHHGFBD28DA,坡道平面,0,,地下一樓
RPTNMLSJOHHGFBD28DA,坡道平面,0,,地下一樓
RPTNMLSJOHHGFBD28DA,坡道平面,0,,地下一樓
RPTNMLSJOHHGFBD28DA,坡道平面,0,,地下一樓
RPTNMLSJOHHGFBD28DA,坡道平面,0,,地下一樓
RPTNMLSJOHHGFBD28DA,坡道平面,0,,地下一樓
RPTNMLSJOHHGFBD28DA,坡道平面,0,,地下一樓
RPTNMLSJOHHGFBD28DA,坡道平面,0,,地下一樓
RPTNMLSJOHHGFBD28DA,坡道平面,0,,地下一樓
RPTNMLSJOHHGFBD28DA,坡道平面,0,,地下一樓
RPTNMLSJOHHGFBD28DA,坡道平面,0,,地下一樓
RPTNMLSJOHHGFBD28DA,坡道平面,0,,地下一樓
RPTNMLSJOHHGFBD28DA,坡道平面,0,,地下一樓
RPTNMLSJOHHGFBD28DA,坡道平面,0,,地下一樓
RPTNMLSJOHHGFBD28DA,坡道平面,0,,地下一樓
RPOPMLLMNHHGFBD47DA,一樓平面,0,17.50,一樓
RPROMLLMNHHGFBD67DA,一樓平面,0,17.50,一樓
RPVOMLLMNHHGFBD08DA,一樓平面,0,17.50,一樓
RPWOMLLMNHHGFBD18DA,一樓平面,0,19.02,一樓
RPSOMLLMNHHGFBD77DA,一樓平面,0,17.50,一樓
RPPPMLLMNHHGFCD67DA,坡道機械,0,,地下一樓
RPROMLLMNHHGFCD77DA,升降機械,0,,地下一樓
RPPNMLTJOHHGFCD08DA,坡道平面,0,,地下一樓
RPRNMLSJOHHGFGD58DA,一樓平面,900000,23.72,一樓
RPQNMLRJOHHGFGD38DA,一樓平面,800000,6.61,一樓
RPVQMLLMNHHGFID98DA,一樓平面,0,,一樓
RPSOMLSKMHHGFCD28DA,坡道平面,0,,地下二樓
RPPNMLKLMHHGFDD27DA,升降機械,0,,地下一樓
RPQPMLKLMHHGFAD27DA,坡道平面,1000000,,地下二樓
RPSOMLLKMHHGFAD37DA,坡道機械,1000000,11.17,地下三樓
RPPNMLOLMHHGFDD67DA,坡道機械,0,,地下一樓
RPPNMLOLMHHGFDD67DA,坡道機械,0,,地下一樓
RPWOMLPLMHHGFHD98DA,坡道平面,0,23.03,地下三樓
RPPNMLPLMHHGFAD47DA,坡道平面,0,,地下一樓
RPPNMLRLMHHGFBD77DA,一樓平面,0,,一樓
RPQOMLQLMHHGFAD77DA,坡道平面,0,33.13,地下一樓
RPQOMLQLMHHGFAD77DA,坡道平面,0,33.13,地下一樓
RPROMLQLMHHGFAD87DA,升降機械,0,,地下一樓
RPOOMLPLMHHGFAD47DA,坡道平面,1000000,,地下二樓
RPOQMLPLMHHGFAD67DA,坡道平面,1000000,26.65,地下一樓
RPVOMLSLMHHGFBD58DA,坡道機械,0,,地下一樓
RPPNMLLKMHHGFBD07DA,坡道機械,0,,地下二樓
RPWNMLSLMHHGFHD56DA,坡道平面,0,26.65,地下一樓
RPVNMLNJNHHGFKD78DA,坡道機械,600000,12.23,地下二樓
RPVNMLNJNHHGFKD78DA,坡道機械,600000,12.23,地下二樓
RPQNMLTLMHHGFID78DA,一樓平面,0,,一樓
RPRNMLTLMHHGFID88DA,坡道機械,0,,地下一樓
SPTNMLTLMHHGFBD48DA,坡道平面,800000,,地下二樓
RPTNMLTLMHHGFBD38DA,坡道平面,0,,地下二樓
RPQOMLSLMHHGFAD97DA,升降機械,0,,地下三樓
RPRPMLTLMHHGFAD28DA,坡道平面,1750000,36.30,地下三樓
RPSOMLLJMHHGFAD27DA,坡道機械,800000,,地下一樓
RPSNMLOJMHHGFCD67DA,一樓平面,1500000,27.05,一樓
RPWOMLSLMHHGFHD66DA,一樓平面,0,,一樓
RPXNMLPKMHHGFKD56DA,坡道平面,0,,地下一樓
RPSNMLNJMHHGFAD37DA,坡道平面,1000000,,地下二樓
RPOOMLSLMHHGFAD77DA,坡道平面,0,,地下一樓
RPSPMLLLMHHGFAD57DA,坡道機械,0,11.17,地下三樓
RPPPMLPJNHHGFAD67EA,坡道機械,1100000,23.36,地下三樓
RPTOMLLKMHHGFKD48DA,坡道平面,0,25.59,地下一樓
RPVOMLSJMHHGFKD66DA,坡道機械,0,,地下一樓
RPRNMLQJNHHGFHD38DA,坡道平面,0,27.88,地下二樓
RPWOMLOJNHHGFHD78DA,坡道平面,0,23.32,地下一樓
RPSNMLOJNHHGFCD77DA,坡道機械,0,13.82,地下二樓
RPSPMLPJNHHGFAD87DA,坡道平面,0,,地下三樓
RPSNMLQLMHHGFAD87DA,坡道平面,0,,地下一樓
RPOPMLNJNHHGFCD47DA,坡道機械,0,,地下二樓
RPRNMLNJNHHGFID18DA,坡道機械,0,,地下一樓
RPQNMLOJNHHGFID18DA,坡道平面,1600000,32.65,地下二樓
RPSVMLQJNHHGFAD68EA,升降機械,0,,地下二樓
RPSVMLQJNHHGFAD68EA,升降機械,0,,地下二樓
RPVOMLQJNHHGFCD48EA,坡道平面,0,,地下一樓
RPPOMLKLMHHGFKD08DA,坡道平面,0,,地下二樓
RPPNMLPJNHHGFHD08DA,坡道平面,0,,地下一樓
RPPPMLLKNHHGFAD27DA,坡道機械,0,16.66,地下四樓
RPWUMLOJNHHGFAD68DA,坡道平面,1500000,32.55,地下四樓
RPRNMLRJNHHGFAD77DA,一樓平面,0,,一樓
RPXPMLTKMHHGFAD78DA,坡道平面,0,,地下二樓
RPWNMLPJNHHGFCD28DA,坡道機械,0,,地下一樓
RPUNMLKKNHHGFID28DA,坡道平面,0,15.41,地下一樓
RPSNMLPJNHHGFKD68DA,坡道機械,0,9.85,地下二樓
RPUNMLTJNHHGFKD66DA,坡道平面,0,40.45,地下二樓
RPOPMLTJNHHGFCD08DA,坡道平面,0,31.21,地下二樓
RPQPMLKKNHHGFCD47DA,坡道平面,0,,地下一樓
RPWOMLPJNHHGFAD18DA,坡道平面,0,,地下二樓
RPVNMLQKMHHGFAD08DA,坡道平面,0,,地下二樓
RPSOMLSJMHHGFCD18DA,坡道平面,1200000,31.96,地下一樓
RPRPMLKKNHHGFBD47DA,坡道平面,0,30.18,地下三樓
RPUNMLKKNHHGFCD67DA,升降機械,0,12.05,地下一樓
RPRNMLKKNHHGFCD37DA,坡道平面,0,,地下一樓
RPRNMLPJNHHGFGD18DA,一樓平面,0,26.08,一樓
RPWOMLKKNHHGFID58DA,坡道平面,0,25.58,地下一樓
RPOPMLKKNHHGFID87DA,坡道平面,0,25.58,地下一樓
RPPNMLKKNHHGFKD97DA,坡道機械,0,,地下二樓
RPQNMLMKNHHGFKD28DA,其他,0,,地下二樓
RPROMLQLMHHGFKD88DA,坡道平面,0,19.23,地下三樓
RPXNMLMKMHHGFKD88DA,坡道平面,0,,地下一樓
RPQNMLNLMHHGFKD38DA,坡道平面,0,37.35,地下二樓
RPQNMLNLMHHGFKD38DA,坡道平面,0,37.35,地下二樓
RPQNMLSLMHHGFKD88DA,坡道機械,0,13.14,地下二樓
RPVNMLMKNHHGFKD78DA,坡道機械,0,,地下一樓
RPSNMLKKNHHGFKD28DA,坡道機械,800000,9.85,地下二樓
RPROMLNKNHHGFKD58DA,坡道平面,0,26.25,地下三樓
RPOOMLMKNHHGFCD37DA,坡道平面,0,,地下二樓
RPXOMLTJNHHGFCD88DA,升降機械,0,,地下一樓
RPQNMLMKNHHGFCD47DA,升降機械,0,13.64,地下一樓
RPQQMLKKNHHGFBD47DA,坡道機械,0,,地下二樓
RPQRMLLKNHHGFAD57DA,坡道平面,0,30.65,地下四樓
RPRNMLQKMHHGFBD77DA,坡道平面,0,,地下一樓
RPTPMLNKNHHGFAD87DA,坡道平面,0,30.66,地下五樓含以下
RPPPMLMKMHHGFAD27DA,坡道平面,0,34.71,地下三樓
RPPPMLMKMHHGFAD27DA,坡道平面,0,34.71,地下三樓
RPXOMLQJMHHGFAD28DA,坡道平面,1000000,30.66,地下二樓
RPROMLRLMHHGFAD97DA,坡道平面,0,,地下二樓
RPSNMLRKNHHGFAD97DA,坡道機械,0,23.35,地下三樓
RPPPMLNJNHHGFCD57DA,升降機械,0,18.68,地下一樓
RPWOMLSKMHHGFCD68DA,坡道平面,0,,地下一樓
RPSPMLNKNHHGFCD97DA,坡道機械,0,,地下一樓
RPUNMLNKMHHGFHD38DA,坡道平面,0,,地下一樓
RPOPMLNKNHHGFKD38DA,坡道平面,0,36.71,地下二樓
RPQNMLNKNHHGFKD38DA,坡道機械,0,,地下一樓
RPSNMLTJNHHGFID88DA,坡道平面,1750000,32.65,地下一樓
RPSNMLTJNHHGFID88DA,坡道平面,1750000,32.65,地下一樓
RPOOMLPKMHHGFID18DA,坡道平面,1200000,17.45,地下三樓
RPPNMLNKNHHGFHD97DA,一樓平面,0,20.10,一樓
RPQNMLQKNHHGFCD87DA,坡道機械,0,12.81,地下二樓
RPUQMLTJNHHGFBD68DA,坡道平面,0,23.35,地下四樓
RPVNMLPLPHHGFAD38DA,坡道平面,0,30.66,地下二樓
RPVPMLQKNHHGFAD38DA,坡道平面,0,27.33,地下四樓
RPVPMLQKNHHGFAD38DA,坡道平面,0,27.33,地下四樓
RPVOMLQKNHHGFAD28DA,坡道機械,0,23.19,地下三樓
RPOOMLMLMHHGFAD17DA,坡道機械,0,29.15,地下四樓
RPXOMLRLMHHGFAD58DA,坡道平面,0,24.22,地下三樓
RPOSMLLKNHHGFAD47DA,一樓平面,0,,一樓
RPPSMLLKNHHGFAD57DA,一樓平面,0,,一樓
RPSPMLSKNHHGFBD38DA,坡道平面,0,,地下二樓
RPRNMLNKNHHGFGD08DA,一樓平面,0,,一樓
RPXNMLSKNHHGFHD66DA,坡道平面,0,,一樓
RPPOMLKKNHHGFID87DA,坡道平面,1750000,32.65,地下一樓
RPPOMLKKNHHGFID87DA,坡道平面,1750000,32.65,地下一樓
RPPNMLRKNHHGFID48DA,坡道機械,0,,地下一樓
RPPNMLRKNHHGFID48DA,坡道機械,0,,地下一樓
RPXNMLSKNHHGFKD96DA,坡道平面,0,40.45,地下二樓
RPXNMLSKNHHGFKD96DA,坡道平面,0,40.45,地下二樓
RPSNMLQKMHHGFKD78DA,坡道平面,0,28.20,地下一樓
RPPNMLPKNHHGFKD48DA,坡道平面,0,14.99,地下三樓
RPWNMLRLMHHGFKD76DA,坡道平面,0,,地下二樓
RPWNMLKLMHHGFKD68DA,坡道機械,870000,,地下二樓
RPWNMLKLMHHGFKD68DA,坡道機械,870000,,地下二樓
RPOOMLSKNHHGFKD78DA,坡道機械,0,,地下二樓
RPVOMLTKNHHGFHD66DA,坡道平面,0,16.59,一樓
RPPOMLRKNHHGFFD28DA,一樓平面,0,14.77,一樓
RPTQMLSKNHHGFAD48DA,坡道平面,0,32.55,地下二樓
RPWPMLTKNHHGFAD78DA,坡道平面,0,30.89,地下一樓
RPWPMLTKNHHGFAD78DA,坡道平面,0,30.89,地下一樓
RPTOMLRKNHHGFAD18DA,坡道平面,0,36.30,一樓
RPROMLQKNHHGFAD87DA,坡道平面,0,37.66,地下二樓
RPVNMLQKNHHGFAD18DA,坡道平面,1850000,36.30,地下二樓
RPOOMLRKNHHGFAD67DA,升降機械,0,,地下一樓
RPOOMLQKNHHGFAD57DA,坡道平面,1580000,21.93,地下一樓
RPUOMLRLMHHGFAD28DA,坡道平面,0,,地下三樓
RPQOMLKKNHHGFAD17DA,坡道平面,0,,地下二樓
RPQOMLTKNHHGFAD08DA,坡道機械,0,,地下二樓
RPTNMLTKNHHGFBD38DA,坡道平面,0,25.60,地下二樓
RPPOMLTKNHHGFGD58DA,一樓平面,0,23.91,一樓
RPPNMLTKNHHGFFD38DA,一樓平面,0,13.89,一樓
RPUNMLSLMHHGFKD66DA,坡道機械,0,,地下一樓
RPPOMLTKMHHGFKD88DA,坡道平面,0,26.25,地下一樓
RPPOMLPLMHHGFKD58DA,坡道機械,700000,,地下二樓
RPWOMLSKNHHGFKD96DA,坡道機械,0,,地下二樓
RPVNMLNLNHHGFHD68DA,一樓平面,0,,一樓
RPQNMLNLNHHGFID28DA,坡道平面,0,,地下一樓
RPQNMLQJNHHGFFD08DA,坡道平面,1050000,15.04,地下一樓
RPWNMLPJNHHGFFD58DA,坡道平面,1050000,15.04,地下一樓
RPRNMLQJNHHGFFD18DA,坡道平面,1050000,15.04,地下一樓
RPOOMLKKNHHGFFD47DA,坡道平面,1050000,15.04,地下一樓
RPTQMLKLNHHGFCD97DA,坡道機械,0,9.82,地下一樓
RPUNMLLLNHHGFAD67DA,坡道平面,0,,地下一樓
RPUNMLMJNHHGFAD57DA,坡道機械,0,,地下一樓
RPRPMLNLNHHGFAD77DA,坡道平面,0,33.86,地下四樓
RPRPMLNLNHHGFAD77DA,坡道平面,0,33.86,地下四樓
RPPNMLPLNHHGFAD57DA,坡道平面,0,24.50,地下四樓
RPWQMLTKNHHGFBD98DA,坡道平面,1300000,30.18,地下一樓
RPSOMLLKMHHGFCD57DA,坡道平面,1200000,24.62,地下一樓
RPROMLNLNHHGFCD87DA,坡道平面,0,32.26,地下一樓
RPTNMLLLNHHGFCD77DA,坡道平面,0,,地下二樓
RPRNMLKMMHHGFCD47DA,坡道平面,0,,地下二樓
RPSPMLOLNHHGFHD68DA,坡道平面,0,42.18,地下二樓
RPQNMLRKNHHGFID58DA,一樓平面,0,19.61,一樓
RPWOMLKLNHHGFKD88DA,坡道平面,0,,地下一樓
RPWNMLLKNHHGFKD78DA,一樓平面,0,,一樓
RPOOMLQKNHHGFKD58DA,坡道機械,0,,地下一樓
RPROMLQLMHHGFHD58DA,坡道平面,0,31.73,地下二樓
RPQOMLTKNHHGFCD28DA,坡道平面,0,,地下一樓
RPQOMLPLNHHGFCD97DA,坡道平面,0,40.38,地下一樓
RPPOMLOLNHHGFCD77DA,坡道機械,0,,地下二樓
RPUPMLOLNHHGFAD18DA,坡道平面,0,47.02,地下二樓
RPTQMLLKNHHGFAD77DA,坡道平面,0,,地下一樓
RPXRMLLKNHHGFAD28DA,一樓平面,0,,一樓
RPUPMLKLNHHGFAD77DA,坡道平面,0,,地下一樓
RPSNMLTKNHHGFAD18DA,坡道平面,1800000,32.44,地下三樓
RPQOMLMKNHHGFAD37DA,坡道機械,0,23.35,地下五樓含以下
RPVPMLOLNHHGFAD28DA,坡道平面,0,,地下一樓
RPWOMLPLNHHGFAD38DA,坡道平面,0,,地下一樓
RPRQMLOLNHHGFCD18DA,坡道平面,0,25.97,地下一樓
RPSNMLPLNHHGFCD08DA,一樓平面,0,13.93,一樓
RPQNMLLLNHHGFHD97DA,坡道平面,0,42.18,地下三樓
RPXNMLPLNHHGFKD76DA,坡道平面,0,37.35,地下一樓
RPPNMLRKMHHGFKD58DA,坡道平面,1300000,19.23,地下三樓
RPOPMLNKNHHGFHD08DA,坡道平面,0,27.88,地下二樓
RPSPMLRKNHHGFCD38DA,坡道平面,0,,地下一樓
RPOOMLRLNHHGFCD97DA,坡道平面,0,,地下一樓
RPXPMLQLNHHGFAD68DA,坡道機械,0,23.19,地下三樓
RPSPMLKKNHHGFBD57DA,坡道平面,0,30.18,地下三樓
RPPNMLQLNHHGFAD67DA,坡道平面,0,38.26,地下二樓
RPQSMLLKNHHGFAD67DA,一樓平面,0,,一樓
RPSNMLLLNHHGFAD47DA,坡道平面,0,49.18,地下二樓
RPRPMLKMNHHGFAD57DA,坡道平面,0,,地下一樓
RPQQMLQLNHHGFAD08DA,坡道機械,0,24.50,地下四樓
RPPNMLKMNHHGFCD37DA,升降機械,0,,地下一樓
RPRNMLPJNHHGFCD77DA,升降機械,0,,地下一樓
RPPNMLNLNHHGFCD57DA,坡道平面,0,37.10,地下二樓
RPOOMLKMNHHGFKD18DA,坡道平面,0,27.01,地下一樓
RPXNMLKMNHHGFID78DA,坡道平面,0,15.41,地下二樓
RPWNMLKMNHHGFID68DA,坡道平面,0,,地下二樓
RPWOMLQJNHHGFKD66DA,坡道平面,0,,地下三樓
RPVOMLLMNHHGFCD18DA,坡道平面,0,28.60,地下一樓
RPSQMLLMNHHGFAD87DA,坡道平面,0,36.02,地下三樓
RPPOMLLMNHHGFAD37DA,坡道平面,1750000,36.30,地下三樓
RPROMLLMNHHGFAD57DA,坡道平面,0,,地下二樓
RPSOMLLMNHHGFAD67DA,坡道平面,1750000,36.30,地下三樓
RPRNMLPJMHHGFAD47DA,坡道機械,800000,,地下四樓
RPUQMLLJOHHGFBD97DA,一樓平面,1200000,20.26,一樓
RPXPMLRLNHHGFAD78DA,坡道平面,0,36.45,地下二樓
RPXPMLRLNHHGFAD78DA,坡道平面,0,31.59,地下二樓
RPOOMLSLMHHGFCD97DA,升降機械,0,,地下一樓
RPQNMLRKNHHGFGD38DA,坡道機械,0,,地下一樓
RPTOMLQLMHHGFHD78DA,坡道平面,0,31.73,地下二樓
RPSPMLLMNHHGFKD78DA,一樓平面,0,,一樓
RPPNMLLJOHHGFKD08DA,坡道平面,0,,地下一樓
RPPNMLQJOHHGFKD58DA,坡道平面,0,,地下一樓
RPPNMLNJNHHGFID97DA,坡道平面,0,17.45,地下四樓
RPSNMLMJOHHGFFD97DA,坡道機械,0,11.75,地下一樓
RPTOMLTLMHHGFCD58DA,升降機械,0,,地下一樓
RPPPMLLJOHHGFCD47DA,坡道平面,0,,地下二樓
RPQPMLLMNHHGFCD77DA,坡道平面,0,,地下三樓
RPVOMLNJNHHGFAD87DA,一樓平面,0,15.00,一樓
RPOOMLLJOHHGFAD07DA,坡道平面,0,36.46,地下四樓
RPUOMLQLNHHGFCD48DA,坡道平面,0,34.86,地下一樓
RPUNMLQLMHHGFCD28DA,坡道平面,0,,地下二樓
RPSNMLMJOHHGFKD48DA,一樓平面,0,,一樓
RPPPMLSKNHHGFKD98DA,一樓平面,0,9.00,一樓
RPUNMLKMNHHGFID48DA,升降機械,700000,11.57,一樓
RPXOMLSKMHHGFKD96DA,坡道機械,800000,,地下二樓
RPWOMLKLNHHGFHD58DA,其他,0,,一樓
RPPOMLQJOHHGFAD67DA,坡道機械,0,13.17,地下一樓
RPUNMLQJOHHGFGD68DA,一樓平面,900000,23.72,一樓
RPPPMLLMNHHGFKD48DA,坡道機械,0,,地下二樓
RPVPMLRKNHHGFKD86DA,坡道平面,0,38.58,地下四樓
RPWOMLTJLHHGFKD76DA,坡道平面,0,,地下一樓
RPVNMLPKLHHGFCD08DA,坡道平面,0,,地下二樓
RPWNMLLLLHHGFAD77EA,坡道平面,0,26.64,地下一樓
RPVNMLLLLHHGFDD87DA,坡道平面,0,,地下一樓
RPXOMLLLLHHGFCD08DA,坡道平面,0,,地下一樓
RPQOMLQKLHHGFID38DA,其他,800000,4.07,一樓
RPQNMLQKLHHGFAD47DA,坡道平面,0,,地下一樓
RPXNMLLLLHHGFAD77DA,坡道平面,0,25.61,地下四樓
RPXNMLLLLHHGFAD77DA,坡道平面,0,25.61,地下四樓
RPQQMLSJLHHGFCD08DA,坡道平面,0,29.72,地下三樓
RPROMLMLLHHGFKD38DA,坡道平面,850000,27.67,地下三樓
RPTNMLNLLHHGFKD58DA,坡道平面,0,,地下二樓
RPRNMLNLLHHGFHD08DA,一樓平面,0,20.10,一樓
RPPOMLLLLHHGFCD27DA,坡道平面,0,27.82,地下一樓
RPWNMLRJLHHGFCD28DA,坡道平面,0,,地下二樓
RPVNMLLLLHHGFKD58DA,坡道平面,0,,地下二樓
RPOOMLSLLHHGFAD67DA,坡道機械,0,17.87,地下四樓
RPXNMLPLLHHGFAD18DA,坡道平面,0,36.46,地下二樓
RPXNMLPLLHHGFAD18DA,坡道機械,0,23.36,地下三樓
RPWNMLOLLHHGFCD18DA,坡道平面,0,,地下一樓
RPPNMLTLLHHGFKD78DA,坡道平面,0,36.71,地下三樓
RPWNMLQKLHHGFKD09DA,坡道機械,0,,地下一樓
RPPNMLRLLHHGFCD77DA,坡道機械,0,15.39,地下二樓
RPXOMLRJLHHGFBD38DA,坡道平面,1500000,25.60,地下一樓
RPPOMLKMLHHGFBD17DA,坡道平面,0,35.76,地下一樓
RPPNMLTJLHHGFAD57DA,坡道平面,0,,地下二樓
RPTOMLPLLHHGFAD87DA,坡道平面,0,27.34,地下五樓含以下
RPTOMLPLLHHGFAD87DA,坡道平面,0,27.34,地下五樓含以下
RPWOMLTLLHHGFAD58DA,坡道平面,0,,地下一樓
RPVOMLKMLHHGFAD67DA,坡道平面,0,,地下一樓
RPPOMLRJLHHGFAD47DA,坡道平面,0,25.61,地下二樓
RPUOMLKMLHHGFHD28DA,一樓平面,0,23.38,一樓
RPROMLLLLHHGFKD28DA,坡道平面,0,,地下一樓
RPSOMLMLLHHGFKD48DA,一樓平面,0,,一樓
RPVOMLPLLHHGFKD09DA,坡道平面,0,,地下一樓
RPSOMLLMLHHGFCD67DA,坡道平面,0,,地下一樓
RPPQMLOLLHHGFCD77DA,坡道機械,0,9.83,地下一樓
RPWPMLMLLHHGFAD97DA,坡道機械,0,10.37,地下一樓
RPTOMLLJMHHGFAD37DA,坡道平面,0,,地下一樓
RPRPMLQJMHHGFAD77DA,坡道平面,0,,地下一樓
RPWNMLLJMHHGFAD57DA,坡道機械,0,28.37,地下三樓
RPPNMLPJLHHGFAD17DA,坡道平面,1400000,28.10,地下二樓
RPPNMLPJLHHGFAD17DA,坡道平面,1400000,28.10,地下二樓
RPTPMLPKLHHGFAD87DA,坡道平面,1800000,32.44,地下三樓
RPWOMLNLLHHGFBD08DA,坡道平面,0,,地下一樓
RPRPMLLMLHHGFCD67DA,坡道平面,0,,地下二樓
RPTNMLSKLHHGFFD48DA,坡道平面,1050000,15.04,地下一樓
RPRNMLQJMHHGFHD28DA,坡道平面,0,,地下一樓
RPUNMLSLLHHGFKD56DA,坡道機械,0,,地下一樓
RPQOMLRJMHHGFDD08EA,坡道平面,0,,地下二樓
RPQOMLRJMHHGFDD08EA,坡道平面,0,,地下二樓
RPQOMLRJMHHGFDD08EA,坡道平面,0,,地下二樓
RPQNMLSJMHHGFHD48EA,坡道平面,0,,地下一樓
RPTOMLRJMHHGFID78DA,升降機械,0,,地下一樓
RPWOMLLJMHHGFHD38DA,一樓平面,0,11.20,一樓
RPXPMLNLLHHGFAD18DA,坡道平面,0,,地下一樓
RPTOMLQJMHHGFAD87DA,坡道平面,0,,地下二樓
RPSPMLRJMHHGFAD97DA,坡道平面,0,23.71,地下一樓
RPSPMLRJMHHGFAD97DA,坡道機械,0,17.17,地下三樓
RPSPMLRJMHHGFAD97DA,坡道機械,0,17.17,地下三樓
RPSPMLRJMHHGFAD97DA,坡道機械,0,17.17,地下三樓
RPSPMLRJMHHGFAD97DA,坡道機械,0,17.17,地下三樓
RPSPMLRJMHHGFAD97DA,坡道機械,0,17.17,地下三樓
RPSPMLRJMHHGFAD97DA,坡道機械,0,17.17,地下三樓
RPSPMLRJMHHGFAD97DA,坡道機械,0,17.17,地下三樓
RPRNMLSJMHHGFAD77DA,坡道平面,0,,地下二樓
RPPPMLQJMHHGFAD57DA,坡道平面,0,,地下一樓
RPROMLLJMHHGFAD17DA,坡道平面,0,36.36,地下四樓
RPQNMLTLLHHGFAD87DA,坡道平面,335000,,地下一樓
RPSNMLSJMHHGFBD97DA,坡道平面,0,24.69,地下二樓
RPXNMLQKLHHGFBD28DA,坡道平面,0,22.06,地下一樓
RPXNMLQKLHHGFBD28DA,坡道平面,0,22.06,地下一樓
RPPNMLQJMHHGFCD57DA,坡道平面,0,,地下二樓
RPPNMLMJMHHGFCD17DA,坡道平面,0,35.45,地下一樓
RPQPMLRJMHHGFHD48DA,坡道平面,0,27.88,地下一樓
RPUQMLMJLHHGFHD38DA,一樓平面,0,11.11,一樓
RPRPMLTLLHHGFKD56DA,坡道平面,0,,地下二樓
RPSNMLRJMHHGFKD78DA,坡道平面,0,,地下一樓
RPTNMLSJMHHGFKD98DA,坡道機械,0,13.13,地下三樓
RPUPMLOKLHHGFKD88DA,坡道平面,0,26.25,地下三樓
RPQNMLLKLHHGFKD97DA,坡道機械,0,,地下二樓
RPQNMLLKLHHGFKD97DA,坡道機械,0,,地下二樓
RPTNMLTJMHHGFKD09DA,坡道平面,0,28.66,地下三樓
RPPPMLLKMHHGFKD18DA,坡道平面,0,,地下二樓
RPVNMLLKMHHGFHD28DA,一樓平面,0,,一樓
RPTOMLLKMHHGFCD67DA,坡道平面,0,,地下五樓含以下
RPSNMLKKMHHGFBD27DA,坡道平面,0,26.45,地下二樓
RPSNMLKKMHHGFBD27DA,坡道平面,0,26.45,地下二樓
RPWPMLRKLHHGFAD38DA,坡道平面,0,,地下二樓
RPTOMLLKMHHGFAD47DA,坡道平面,0,28.87,地下四樓
RPTOMLLKMHHGFAD47DA,坡道平面,0,28.87,地下四樓
RPQNMLSJMHHGFAD67DA,坡道平面,0,24.80,地下一樓
RPVNMLMKMHHGFAD67DA,坡道機械,0,11.61,地下二樓
RPURMLTLLHHGFAD68DA,坡道平面,0,,地下一樓
RPRPMLMKMHHGFAD47DA,坡道平面,0,15.99,地下一樓
RPQNMLMJMHHGFBD17DA,坡道平面,0,24.69,地下二樓
RPQNMLTKLHHGFAD77DA,坡道平面,0,30.66,地下二樓
RPTNMLNKMHHGFCD77DA,坡道平面,0,25.79,地下二樓
RPPOMLPKLHHGFID18DA,坡道平面,0,,地下一樓
RPSNMLMKMHHGFKD38DA,坡道機械,0,,地下二樓
RPQOMLLKMHHGFKD18DA,坡道平面,0,33.01,地下一樓
RPROMLLKMHHGFKD28DA,坡道平面,0,,地下一樓
RPWNMLLKMHHGFCD87DA,坡道平面,0,,地下一樓
RPQPMLMKMHHGFCD57DA,坡道平面,0,,地下一樓
RPQNMLSKLHHGFCD87DA,坡道平面,0,,地下一樓
RPUPMLMKMHHGFAD77DA,坡道平面,0,36.35,地下三樓
RPXPMLMKMHHGFAD08DA,坡道平面,0,22.16,地下二樓
RPQNMLKLLHHGFAD96DA,坡道平面,0,,地下一樓
RPOOMLRJMHHGFAD47DA,坡道平面,0,,地下二樓
RPWPMLLKMHHGFAD87DA,坡道平面,0,,地下二樓
RPPNMLPKMHHGFAD37DA,坡道平面,0,30.65,地下五樓含以下
RPOPMLLLLHHGFKD08DA,坡道平面,0,,地下一樓
RPUNMLTKLHHGFKD56DA,坡道機械,0,,地下一樓
RPTRMLOLLHHGFKD09DA,坡道平面,0,25.59,地下二樓
RPROMLOLLHHGFKD58DA,坡道平面,0,27.63,地下三樓
RPXPMLOKMHHGFKD66DA,坡道機械,0,,地下一樓
RPSNMLPKMHHGFKD68DA,坡道機械,0,,地下一樓
RPPOMLPKMHHGFKD48DA,坡道平面,0,,地下二樓
RPROMLQJMHHGFKD68DA,坡道平面,0,,地下三樓
RPXOMLMKMHHGFHD68DA,其他,0,11.11,一樓
RPQSMLOJLHHGFHD38DA,坡道機械,0,5.61,地下一樓
RPVPMLLMLHHGFCD08DA,坡道機械,0,9.83,地下一樓
RPPOMLOKMHHGFCD57DA,坡道平面,0,,地下一樓
RPSPMLNKMHHGFBD77DA,坡道平面,0,26.45,地下四樓
RPSPMLNKMHHGFBD77DA,坡道平面,0,26.45,地下四樓
RPUPMLRJLHHGFAD08DA,坡道機械,1100000,23.36,地下三樓
RPUNMLPKMHHGFAD87DA,坡道平面,0,49.17,地下三樓
RPTPMLOKMHHGFAD87DA,坡道機械,0,11.16,地下三樓
RPXNMLSKMHHGFAD48DA,坡道平面,0,27.75,地下二樓
RPRNMLLJMHHGFAD07DA,坡道機械,0,,地下三樓
RPOPMLRJMHHGFAD57DA,坡道機械,0,10.36,地下一樓
RPOOMLKMLHHGFAD96DA,坡道平面,0,30.66,地下二樓
RPRNMLSKMHHGFAD87DA,坡道平面,0,,地下一樓
RPPQMLNKMHHGFAD47DA,坡道平面,0,32.44,地下三樓
RPSNMLPLLHHGFAD67DA,坡道平面,0,33.86,地下四樓
RPSNMLPLLHHGFAD67DA,坡道平面,0,33.86,地下四樓
RPWOMLPKMHHGFCD38DA,坡道平面,0,,地下一樓
RPRPMLSKMHHGFGD68DA,一樓平面,900000,7.13,一樓
RPQNMLSKMHHGFKD78DA,坡道平面,0,,地下二樓
RPPNMLKLLHHGFKD87DA,坡道平面,0,38.58,地下三樓
RPVOMLSKMHHGFID56DA,一樓平面,0,34.82,一樓
RPQOMLSKMHHGFKD88DA,坡道平面,0,,地下一樓
RPPNMLOJMHHGFHD87DA,坡道平面,0,27.88,地下一樓
RPVNMLRJMHHGFHD78DA,坡道平面,0,26.65,地下一樓
RPVNMLKMLHHGFCD77DA,坡道機械,0,,地下一樓
RPTOMLSLLHHGFCD38DA,坡道平面,0,39.10,地下三樓
RPPNMLTKMHHGFCD97DA,坡道機械,0,9.83,地下一樓
RPSNMLQJMHHGFBD77DA,坡道平面,0,21.00,地下一樓
RPPNMLTKMHHGFBD87DA,坡道平面,0,,地下一樓
RPWQMLNLLHHGFAD18DA,坡道平面,0,,地下一樓
RPOQMLTKMHHGFAD97DA,升降平面,0,,地下一樓
RPVOMLTKMHHGFAD48DA,坡道機械,0,,地下一樓
RPVOMLTKMHHGFAD48DA,坡道機械,0,,地下一樓
RPWOMLSKMHHGFAD48DA,坡道機械,0,10.36,地下一樓
RPTOMLSJMHHGFCD28DA,坡道平面,0,,地下一樓
RPRNMLLMLHHGFID08DA,坡道平面,0,16.89,地下三樓
RPRNMLQJMHHGFKD58DA,坡道平面,1550000,29.43,地下一樓
RPRNMLSKMHHGFKD88DA,坡道機械,0,5.03,地下三樓
RPVNMLTKMHHGFKD76DA,坡道機械,0,,地下一樓
RPTNMLLLMHHGFKD48DA,坡道平面,0,,地下一樓
RPRNMLTKMHHGFKD98DA,坡道平面,0,,地下二樓
RPXNMLKLMHHGFGD38DA,一樓平面,0,15.50,一樓
RPUNMLKLMHHGFGD08DA,一樓平面,0,20.06,一樓
RPWQMLRJMHHGFCD68DA,坡道平面,0,,地下二樓
RPVPMLKLMHHGFAD77DA,坡道平面,0,27.75,地下二樓
RPSPMLOKMHHGFAD77DA,坡道平面,0,22.24,地下二樓
RPSPMLOKMHHGFAD77DA,坡道平面,0,22.24,地下二樓
RPPOMLLKMHHGFAD07DA,坡道平面,0,31.89,地下三樓
RPXPMLNKMHHGFAD18DA,坡道平面,0,,地下二樓
RPRNMLLLMHHGFCD47DA,坡道平面,0,,地下四樓
RPQNMLPLMHHGFFD08DA,一樓平面,0,6.44,一樓
RPTNMLSLLHHGFKD09DA,坡道平面,0,20.49,地下二樓
RPVOMLLLMHHGFKD78DA,坡道平面,0,36.71,地下三樓
RPXNMLLLMHHGFCD18EA,坡道平面,0,24.09,地下一樓
RPPNMLPLMHHGFKD48DA,坡道機械,0,13.14,地下二樓
RPUNMLLLMHHGFKD58DA,坡道平面,0,32.03,地下二樓
RPPPMLMKMHHGFKD28DA,坡道平面,0,,地下一樓
RPPOMLQJMHHGFKD48DA,坡道平面,0,34.57,地下四樓
RPPNMLNLMHHGFID08DA,其他,0,16.89,地下四樓
RPRNMLPLMHHGFGD28DA,一樓平面,900000,23.72,一樓
RPTNMLPLMHHGFGD48DA,一樓平面,900000,23.72,一樓
RPSPMLSKLHHGFCD28DA,一樓平面,1400000,,一樓
RPPOMLLLMHHGFCD37DA,坡道平面,0,,地下一樓
RPUNMLQLMHHGFBD18DA,坡道平面,0,30.18,地下三樓
RPSOMLMLMHHGFBD67DA,坡道平面,0,23.35,地下三樓
RPPOMLPLMHHGFAD57DA,坡道平面,0,28.33,地下二樓
RPOPMLSJMHHGFAD67DA,坡道機械,0,,地下一樓
RPUNMLPLMHHGFAD97DA,坡道平面,1400000,26.53,地下二樓
RPSOMLMLMHHGFAD57DA,坡道平面,0,,地下一樓
RPRQMLPLMHHGFAD97DA,坡道機械,0,6.90,一樓
RPOOMLMLMHHGFBD27DA,坡道平面,0,24.69,地下二樓
RPOOMLPLMHHGFCD67DA,升降平面,0,,地下一樓
RPPNMLRLMHHGFHD38DA,坡道平面,0,,地下一樓
RPWNMLLLMHHGFID58DA,坡道平面,0,33.04,地下二樓
RPPRMLOLLHHGFKD68DA,坡道平面,1200000,,地下一樓
RPXOMLMKLHHGFKD88DA,坡道機械,900000,10.33,地下三樓
RPQOMLMLMHHGFKD38DA,坡道平面,0,,地下一樓
RPSOMLQLMHHGFKD98DA,坡道平面,0,,地下二樓
RPSPMLPLMHHGFKD98DA,坡道機械,0,,地下三樓
RPQNMLSLMHHGFKD98EA,坡道平面,0,25.59,地下一樓
RPSNMLSKMHHGFID78DA,坡道平面,1600000,30.06,地下一樓
RPSNMLSKMHHGFID78DA,坡道平面,1600000,30.06,地下一樓
RPPOMLNKMHHGFCD47DA,坡道機械,0,11.24,地下一樓
RPOPMLPLMHHGFCD77DA,坡道平面,0,36.69,地下二樓
RPWNMLOKMHHGFCD18DA,坡道機械,0,12.10,地下一樓
RPWNMLOKMHHGFCD18DA,坡道機械,0,12.10,地下一樓
RPORMLRJMHHGFCD97DA,坡道平面,0,29.01,地下二樓
RPRPMLQLMHHGFBD08DA,坡道平面,0,23.35,地下三樓
RPROMLSLMHHGFAD08DA,坡道平面,0,,地下三樓
RPTOMLQLMHHGFAD08DA,坡道平面,0,,地下一樓
RPXNMLRLMHHGFAD48DA,坡道平面,0,36.31,地下二樓
RPWNMLQLMHHGFAD28DA,坡道平面,0,27.59,地下五樓含以下
RPVOMLLLMHHGFAD77DA,坡道平面,1500000,25.61,地下三樓
RPUOMLLLMHHGFAD67DA,坡道平面,1750000,25.61,地下一樓
RPTPMLSKMHHGFAD28DA,坡道平面,0,,地下二樓
RPVPMLQJMHHGFAD18DA,坡道機械,0,,地下一樓
RPRNMLPLMHHGFAD67DA,坡道平面,0,33.42,地下一樓
RPTPMLQLMHHGFAD18DA,坡道機械,0,11.61,地下二樓
RPPPMLMLLHHGFBD37DA,坡道平面,0,35.73,一樓
RPVOMLQLMHHGFCD48DA,坡道平面,0,,地下一樓
RPRNMLSLMHHGFCD18DA,坡道平面,0,,地下一樓
RPUOMLRLMHHGFHD98DA,坡道平面,1200000,27.88,地下二樓
RPPNMLSLMHHGFAD87EA,坡道平面,0,,地下一樓
RPUOMLSLMHHGFAD48EA,坡道平面,0,24.79,地下三樓
RPRNMLSLMHHGFKD98DA,坡道平面,0,,一樓
RPOOMLLLMHHGFKD08DA,坡道機械,0,,地下四樓
RPUOMLKLMHHGFKD58DA,坡道平面,0,32.72,地下二樓
RPUOMLKLMHHGFKD58DA,坡道平面,0,32.72,地下二樓
RPXOMLSLMHHGFBD88EA,坡道機械,0,,地下二樓
RPXOMLMJLHHGFKD78DA,坡道平面,1000000,,地下二樓
RPQPMLTLMHHGFAD18DA,坡道平面,1850000,36.30,地下二樓
RPUPMLTLMHHGFAD58DA,坡道機械,450000,,地下一樓
RPWNMLTLMHHGFAD58DA,坡道平面,1750000,33.42,地下二樓
RPPPMLTLMHHGFAD08DA,坡道平面,0,,地下二樓
RPRNMLPKMHHGFAD57DA,坡道平面,0,,地下一樓
RPPOMLMLMHHGFAD27DA,坡道平面,1400000,31.99,地下四樓
RPVPMLLLMHHGFAD87DA,坡道平面,0,,地下一樓
RPVPMLLLMHHGFAD87DA,坡道平面,0,,地下一樓
RPPNMLKMMHHGFAD07DA,坡道平面,0,20.52,地下一樓
RPSOMLPKLHHGFCD87DA,升降平面,800000,,地下一樓
RPPPMLRLMHHGFCD08DA,坡道平面,0,,地下一樓
RPSNMLRLMHHGFCD18DA,升降機械,0,,地下一樓
RPRNMLMJNHHGFCD57EA,坡道機械,0,9.83,地下一樓
RPRNMLTJMHHGFID68DA,一樓平面,0,,一樓
RPWNMLTLMHHGFID76DA,坡道機械,0,,地下一樓
RPSOMLSKLHHGFBD08DA,坡道平面,1000000,,地下一樓
RPSNMLMJNHHGFAD37DA,坡道平面,0,49.18,地下二樓
RPTNMLOJNHHGFAD67DA,坡道平面,0,32.55,地下三樓
RPQNMLQLLHHGFCD77DA,坡道平面,1300000,41.10,地下三樓
RPPNMLOJNHHGFCD47DA,坡道平面,0,38.95,地下三樓
RPPNMLOJNHHGFCD47DA,坡道平面,0,38.95,地下三樓
RPQNMLSLMHHGFHD58DA,坡道平面,0,16.86,地下二樓
RPSPMLRLMHHGFKD56DA,坡道平面,0,,地下一樓
RPQNMLOJNHHGFKD38DA,坡道平面,0,,地下一樓
RPWNMLPJNHHGFKD09DA,坡道機械,0,,地下二樓
RPRNMLQJNHHGFKD68DA,坡道機械,0,,地下一樓
RPTNMLPLMHHGFCD08DA,坡道平面,0,37.11,地下一樓
RPPNMLPJNHHGFBD47DA,坡道平面,0,30.18,地下三樓
RPQOMLQJNHHGFAD67DA,坡道機械,0,13.17,地下一樓
RPXUMLOJNHHGFAD78DA,坡道平面,0,32.55,地下三樓
RPSNMLPJNHHGFAD67DA,坡道平面,0,36.02,地下三樓
RPSNMLPJNHHGFAD67DA,坡道平面,0,36.02,地下三樓
RPXOMLNJNHHGFCD28DA,坡道平面,0,,地下一樓
RPOQMLMJNHHGFBD37DA,坡道平面,0,25.60,地下二樓
RPQNMLMLMHHGFCD47DA,坡道機械,0,,地下三樓
RPSNMLMLMHHGFHD18DA,坡道平面,0,31.42,地下一樓
RPPNMLLLMHHGFKD08DA,坡道平面,0,22.39,地下一樓
RPTNMLOJNHHGFKD68DA,坡道機械,0,,地下一樓
RPPNMLQJNHHGFKD48DA,坡道機械,0,,地下一樓
RPOOMLPJNHHGFKD38DA,坡道平面,0,,地下二樓
RPQNMLQJNHHGFID38DA,一樓平面,0,,一樓
RPQNMLPJNHHGFGD08DA,一樓平面,900000,7.13,一樓
RPSOMLPJNHHGFGD38DA,一樓平面,900000,23.72,一樓
RPPNMLMJNHHGFAD07DA,坡道平面,0,,地下三樓
RPRPMLQJNHHGFAD87DA,坡道平面,0,21.94,地下三樓
RPRPMLQJNHHGFAD87DA,坡道平面,0,21.94,地下三樓
RPSNMLKMMHHGFAD37DA,坡道平面,0,28.10,地下一樓
RPPQMLTLMHHGFAD18DA,坡道平面,0,28.10,地下一樓
RPUTMLQJNHHGFAD58DA,坡道平面,0,,地下一樓
RPQPMLSLLHHGFAD97DA,坡道平面,0,,地下一樓
RPVOMLSLMHHGFCD68DA,坡道平面,0,,地下五樓含以下
RPTOMLLLMHHGFCD77DA,一樓平面,0,4.10,一樓
RPQNMLTJNHHGFCD08DA,坡道平面,0,18.36,地下一樓
RPPNMLKKNHHGFCD17DA,坡道機械,0,6.32,地下一樓
RPTNMLKMLHHGFDD67DA,坡道平面,0,,地下一樓
RPROMLPJNHHGFGD28DA,坡道平面,0,,地下一樓
RPVNMLKKNHHGFKD58DA,坡道平面,0,,地下二樓
RPVPMLPJNHHGFID98DA,坡道平面,0,,地下一樓
RPVNMLQJNHHGFAD08DA,坡道平面,0,25.61,地下三樓
RPVNMLQJNHHGFAD08DA,坡道平面,0,25.61,地下三樓
RPPNMLQJNHHGFAD47DA,坡道平面,1350000,25.61,地下二樓
RPQPMLPLMHHGFAD77DA,坡道平面,0,14.99,地下二樓
RPVOMLLKNHHGFAD77DA,坡道機械,0,,地下二樓
RPXNMLKKNHHGFHD48DA,坡道平面,0,33.21,地下二樓
RPVOMLKKNHHGFKD68DA,一樓平面,0,,一樓
RPSNMLLKNHHGFKD38DA,升降機械,0,,地下一樓
RPOPMLNJNHHGFKD28DA,坡道機械,0,,地下一樓
RPWOMLKKNHHGFKD78DA,一樓平面,0,,一樓
RPWNMLMKNHHGFKD88DA,一樓平面,0,,一樓
RPTOMLPLMHHGFHD68DA,一樓平面,0,6.92,一樓
RPWPMLQJNHHGFCD58DA,坡道平面,0,40.00,地下三樓
RPWPMLQJNHHGFCD58DA,坡道平面,0,40.00,地下三樓
RPVOMLMKNHHGFCD08DA,升降平面,0,,地下一樓
RPUNMLOLNHHGFAD97DA,坡道平面,0,32.69,地下三樓
RPXQMLMKNHHGFBD38DA,坡道平面,0,,地下二樓
RPUNMLLKNHHGFCD77DA,坡道平面,0,,地下二樓
RPVNMLRKNHHGFCD48DA,坡道平面,0,31.92,地下二樓
RPVNMLNKNHHGFGD48DA,一樓平面,900000,23.72,一樓
RPOOMLMKNHHGFID97DA,坡道平面,0,,地下一樓
RPTPMLMLLHHGFKD68DA,坡道機械,525000,5.00,地下三樓
RPVNMLRLLHHGFKD56DA,坡道平面,1000000,,地下二樓
RPVNMLRKNHHGFHD98DA,坡道平面,0,,一樓
RPSOMLNKNHHGFAD67DA,升降平面,0,,地下一樓
RPSNMLQKNHHGFAD87DA,坡道平面,1600000,36.30,地下四樓
RPTNMLQKNHHGFAD97DA,坡道平面,1500000,33.42,地下四樓
RPRNMLSKNHHGFBD08DA,坡道平面,700000,,地下一樓
RPXNMLRKNHHGFKD86DA,坡道平面,0,,地下一樓
RPSOMLQKNHHGFCD18DA,升降機械,0,,地下一樓
RPXNMLSKNHHGFAD58DA,坡道平面,0,32.44,地下一樓
RPRPMLTLMHHGFCD48DA,坡道平面,0,33.92,地下二樓
RPUNMLQKNHHGFAD08DA,坡道平面,1850000,39.64,地下二樓
RPOQMLKLNHHGFAD27DA,坡道平面,0,,地下三樓
RPQPMLTJNHHGFCD28DA,坡道平面,0,24.86,地下五樓含以下
RPQPMLTJNHHGFCD28DA,坡道平面,0,24.86,地下五樓含以下
RPQVMLQJOHHGFID66DA,坡道平面,1000000,17.45,地下四樓
RPQQMLNLNHHGFKD78DA,一樓平面,1200000,8.99,一樓
RPTNMLSJMHHGFFD48DA,坡道平面,1000000,15.04,地下一樓
RPUNMLMJNHHGFDD87DA,一樓平面,0,19.86,一樓
RPVNMLLLNHHGFAD77DA,坡道平面,0,27.73,地下三樓
RPQQMLMJNHHGFBD57DA,坡道平面,0,24.69,地下二樓
RPQNMLKLLHHGFCD17DA,一樓平面,0,,一樓
RPQNMLKLLHHGFCD17DA,一樓平面,0,,一樓
RPWNMLSKNHHGFID66DA,坡道平面,0,,地下一樓
RPQOMLSLLHHGFDD18DA,升降平面,0,29.41,地下一樓
RPQOMLSLLHHGFDD18DA,升降機械,0,14.76,地下二樓
RPQOMLSLLHHGFDD18DA,升降機械,0,14.76,地下二樓
RPQOMLSLLHHGFDD18DA,升降機械,0,14.76,地下二樓
RPQOMLSLLHHGFDD18DA,升降機械,0,14.76,地下二樓
RPROMLOLNHHGFAD77DA,坡道平面,0,25.61,地下四樓
RPROMLOLNHHGFAD77DA,坡道平面,0,25.61,地下四樓
RPTOMLOLNHHGFAD97DA,坡道平面,0,25.61,地下一樓
RPTOMLOLNHHGFAD97DA,坡道平面,0,25.61,地下一樓
RPVOMLOLNHHGFAD18DA,坡道平面,0,25.61,地下二樓
RPVOMLOLNHHGFAD18DA,坡道平面,0,25.61,地下二樓
RPRNMLTKNHHGFAD08DA,坡道機械,1200000,24.50,地下四樓
RPWNMLLKNHHGFAD77DA,坡道機械,1150000,24.50,地下四樓
RPQNMLKLNHHGFAD17DA,坡道機械,0,28.37,地下四樓
RPQNMLPJNHHGFAD47DA,坡道平面,0,26.53,地下二樓
RPQNMLNKMHHGFBD37DA,坡道平面,0,,地下一樓
RPSNMLPLNHHGFKD88DA,坡道平面,0,,地下一樓
RPXNMLQLNHHGFAD48DA,坡道平面,0,,地下一樓
RPSPMLKMNHHGFAD67DA,坡道平面,0,13.40,地下二樓
RPSPMLKMNHHGFAD67DA,坡道機械,0,13.40,地下二樓
RPVNNLQLNHHGFBD48DA,坡道平面,0,15.15,地下一樓
RPSPMLLJOHHGFCD77DA,升降平面,0,,地下一樓
RPVNMLLMNHHGFAD87DA,坡道機械,1250000,24.50,地下四樓
RPXNMLOKMHHGFAD08DA,坡道平面,0,36.36,地下一樓
RPSNMLKMNHHGFAD47DA,坡道機械,0,,地下一樓
RPQNMLMKNHHGFAD27DA,坡道平面,0,28.87,地下四樓
RPQNMLMKNHHGFAD27DA,坡道平面,0,28.87,地下一樓
RPPNMLQJOHHGFCD77DA,坡道平面,0,,地下三樓
RPPNMLQJOHHGFCD77DA,坡道平面,0,,地下三樓
RPOPMLQLNHHGFCD97DA,坡道平面,0,,地下一樓
RPOPMLQLNHHGFCD97DA,坡道平面,0,,地下一樓
RPTNMLLLNHHGFHD28DA,坡道平面,0,,地下一樓
RPQOMLSJLHHGFCD87DA,坡道機械,0,,地下一樓
RPPNMLLKLHHGFDD27EA,坡道平面,0,22.53,地下一樓
RPQOMLLKLHHGFDD37DA,坡道平面,0,,地下一樓
RPQOMLLKLHHGFDD37DA,坡道平面,0,,地下一樓
RPTPMLRJLHHGFAD97DA,坡道機械,850000,,地下二樓
RPXNMLTJLHHGFAD38DA,坡道平面,0,,地下二樓
RPPOMLKKLHHGFAD86DA,坡道平面,0,36.36,地下四樓
RPVPMLPLKHHGFAD08DA,坡道機械,0,,地下一樓
RPWPMLPLKHHGFAD18DA,升降機械,0,,地下三樓
RPWPMLPLKHHGFAD18DA,升降機械,0,,地下三樓
RPWPMLPLKHHGFAD18DA,升降機械,0,,地下三樓
RPWPMLPLKHHGFAD18DA,升降機械,0,,地下三樓
RPXOMLRJLHHGFAD28DA,坡道平面,0,,地下一樓
RPTPMLTJLHHGFCD38DA,坡道機械,0,,地下一樓
RPVOMLKKLHHGFCD67DA,坡道平面,0,,地下三樓
RPTNMLLKLHHGFCD47DA,坡道平面,0,,地下二樓
RPQOMLLKLHHGFKD08DA,坡道機械,0,,地下二樓
RPRNMLNKLHHGFHD97DA,坡道平面,1300000,31.73,地下一樓
RPOPMLTJLHHGFAD67DA,坡道平面,900000,26.54,地下二樓
RPRNMLOKLHHGFAD37DA,坡道平面,0,27.59,地下五樓含以下
RPQOMLOKLHHGFAD37DA,一樓平面,0,15.33,一樓
RPQOMLOKLHHGFAD37DA,一樓平面,0,15.33,一樓
RPWOMLOKLHHGFAD97DA,坡道平面,0,,地下二樓
RPVNMLMJLHHGFCD67DA,坡道平面,0,,地下一樓
RPRNMLPKLHHGFCD67DA,升降平面,0,,地下一樓
RPRPMLTJLHHGFCD18DA,坡道平面,0,31.73,地下一樓
RPPPMLOKLHHGFID18DA,坡道平面,0,16.89,地下三樓
RPSNMLQKLHHGFID48DA,坡道平面,0,17.45,地下三樓
RPPNMLRKLHHGFKD48DA,坡道平面,0,,地下一樓
RPPNMLRKLHHGFHD18DA,坡道平面,0,31.43,地下二樓
RPROMLPKLHHGFHD28DA,坡道平面,0,,地下二樓
RPROMLPKLHHGFHD28DA,坡道平面,0,,地下二樓
RPWOMLRKKHHGFFD68DA,坡道平面,1050000,15.04,地下一樓
RPROMLPKLHHGFCD77DA,坡道平面,0,,地下三樓
RPWNMLQKLHHGFCD28DA,坡道平面,0,,地下一樓
RPRQMLMJLHHGFBD47DA,坡道平面,1300000,26.45,地下三樓
RPRQMLMJLHHGFBD47DA,坡道平面,1300000,26.45,地下三樓
RPUOMLNJLHHGFAD57DA,升降機械,0,6.90,一樓
RPXOMLNJLHHGFAD87DA,坡道機械,0,,地下三樓
RPQOMLRKLHHGFAD67DA,坡道平面,1850000,36.30,地下二樓
RPXOMLPKLHHGFAD18DA,坡道平面,0,40.18,地下三樓
RPSNMLOKLHHGFCD67DA,坡道平面,0,24.43,地下二樓
RPUOMLQKLHHGFKD98DA,坡道平面,0,,地下二樓
RPWQMLRKLHHGFKD86DA,坡道平面,0,,地下二樓
RPWOMLPKLHHGFKD09DA,坡道機械,0,13.14,地下二樓
RPVNMLSKLHHGFKD56DA,坡道平面,0,22.39,地下二樓
RPQNMLNJLHHGFCD27DA,升降機械,0,,地下一樓
RPPQMLPKLHHGFAD57DA,坡道平面,1700000,36.01,地下二樓
RPTNMLSKLHHGFAD97DA,升降機械,0,,地下一樓
RPOQMLRKLHHGFAD67DA,坡道平面,0,,地下二樓
RPXOMLRKLHHGFAD38DA,升降機械,0,10.50,地下一樓
RPOPMLRKLHHGFAD57DA,坡道平面,0,27.59,地下五樓含以下
RPOPMLKKLHHGFAD86DA,坡道平面,0,30.65,地下二樓
RPPNMLRJLHHGFAD37DA,坡道平面,0,21.93,地下三樓
RPPNMLRJLHHGFAD37DA,坡道平面,0,21.93,地下三樓
RPQOMLRKLHHGFBD77DA,坡道平面,0,25.60,地下三樓
RPPOMLNLKHHGFCD37DA,坡道平面,0,32.26,地下一樓
RPUPMLNLKHHGFBD87DA,坡道平面,0,,地下一樓
RPWNMLKLLHHGFHD28DA,坡道平面,1300000,27.88,地下一樓
RPSNMLRKLHHGFID58DA,坡道平面,0,,地下一樓
RPUQMLOJLHHGFKD88DA,坡道平面,0,38.58,地下五樓含以下
RPTPMLOKLHHGFKD78DA,坡道平面,0,,地下二樓
RPTOMLQKLHHGFKD88DA,坡道平面,0,,地下二樓
RPOOMLKKLHHGFKD77DA,坡道機械,0,,地下一樓
RPSPMLLLLHHGFKD48DA,坡道平面,0,26.25,地下三樓
RPTNMLRKLHHGFKD88DA,坡道平面,0,25.04,地下二樓
RPSOMLLLLHHGFKD38DA,坡道平面,0,17.00,地下三樓
RPVNMLLLLHHGFID38DA,坡道平面,0,16.89,地下二樓
RPUOMLLLKHHGFID28DA,坡道平面,0,,地下一樓
RPVPMLLLLHHGFCD97DA,坡道平面,0,23.15,地下二樓
RPSOMLRKLHHGFCD08DA,坡道平面,0,27.82,地下三樓
RPTNMLQKLHHGFCD97DA,坡道機械,0,,地下二樓
RPSPMLTJLHHGFAD08DA,坡道平面,0,24.11,地下三樓
RPUNMLQKLHHGFCD08DA,坡道機械,0,,地下二樓
RPUNMLQKLHHGFCD08DA,坡道機械,0,,地下二樓
RPOOMLNJLHHGFAD96DA,坡道平面,1000000,43.10,地下四樓
RPOQMLRKKHHGFAD57DA,坡道平面,0,37.66,地下四樓
RPWOMLKKLHHGFAD57DA,坡道平面,0,30.65,地下二樓
RPOOMLQKLHHGFAD37DA,升降機械,0,,地下一樓
RPUPMLMLLHHGFAD77DA,坡道機械,0,28.37,地下四樓
RPUOMLMLLHHGFAD67DA,坡道平面,0,27.75,地下二樓
RPUOMLMLLHHGFAD67DA,坡道平面,0,27.75,地下三樓
RPTNMLLLLHHGFAD37DA,坡道平面,1450000,25.61,地下三樓
RPTNMLKLKHHGFAD17DA,坡道平面,0,,地下三樓
RPVNMLNLLHHGFAD77DA,坡道平面,0,25.81,地下一樓
RPOPMLLLLHHGFCD27DA,坡道平面,0,25.54,地下三樓
RPOPMLLLLHHGFCD27DA,坡道平面,0,25.54,地下三樓
RPTOMLMLLHHGFKD58DA,坡道機械,0,,地下一樓
RPVOMLMLLHHGFAD87EA,坡道平面,0,,地下一樓
RPOPMLMLLHHGFKD18DA,坡道機械,0,,地下一樓
RPPPMLMLLHHGFAD37EA,坡道平面,0,,地下一樓
RPSNMLPLKHHGFKD58DA,坡道平面,0,,地下一樓
RPQNMLPKKHHGFKD28DA,坡道平面,0,,地下一樓
RPSOMLMLLHHGFID28DA,坡道平面,0,,地下一樓
RPWNMLLKLHHGFCD77DA,坡道平面,0,,地下一樓
RPPPMLNLLHHGFCD57DA,升降機械,0,,地下二樓
RPUPMLNLLHHGFBD97DA,坡道平面,0,25.60,地下三樓
RPRPMLLJLHHGFAD17DA,坡道平面,0,32.55,地下四樓
RPUQMLNLLHHGFAD97DA,坡道機械,0,11.16,地下三樓
RPXQMLNLLHHGFAD28DA,坡道平面,0,,地下二樓
RPTOMLOLLHHGFAD77DA,坡道機械,0,,地下三樓
RPXNMLNLLHHGFAD97DA,坡道機械,0,,地下四樓
RPTNMLTKLHHGFAD08DA,坡道平面,0,36.36,地下二樓
RPPQMLOKLHHGFAD47DA,坡道平面,0,31.86,地下一樓
RPPQMLOKLHHGFAD47DA,坡道平面,0,31.86,地下一樓
RPXPMLKKLHHGFAD77DA,坡道平面,0,,地下二樓
RPQOMLLLLHHGFAD17DA,坡道機械,0,11.61,地下二樓
RPPNMLOLLHHGFAD27DA,坡道平面,0,,地下三樓
RPPNMLOLLHHGFAD27DA,坡道平面,0,,地下三樓
RPQNMLMLKHHGFBD17DA,坡道平面,0,24.69,地下一樓
RPSNMLSKLHHGFHD58DA,坡道平面,0,,地下一樓
RPUNMLPLLHHGFDD28EA,坡道機械,0,,地下一樓
RPUOMLPLLHHGFKD98DA,一樓平面,0,29.58,一樓
RPQOMLLLLHHGFKD18DA,坡道機械,0,12.23,地下二樓
RPVNMLSLLHHGFCD48DA,坡道機械,0,,地下一樓
RPSNMLSLKHHGFCD08DA,坡道平面,0,,地下二樓
RPWNMLTJLHHGFAD28DA,坡道平面,0,20.17,地下一樓
RPTNMLSLLHHGFAD08DA,坡道平面,1750000,36.30,地下三樓
RPRNMLTJLHHGFAD77DA,坡道平面,0,38.26,地下一樓
RPTPMLMLLHHGFAD67DA,坡道平面,0,30.65,地下三樓
RPQOMLSLLHHGFCD08DA,其他,0,9.93,一樓
RPSOMLSLLHHGFKD09DA,坡道平面,0,19.23,地下三樓
RPQNMLSLKHHGFKD68DA,坡道平面,1200000,,地下一樓
RPPOMLSLLHHGFAD87EA,坡道平面,0,,地下一樓
RPRNMLKMLHHGFCD47EA,坡道平面,0,35.04,地下三樓
RPRNMLKMLHHGFCD47EA,坡道機械,0,24.74,地下三樓
RPUOMLSLLHHGFKD66DA,坡道平面,0,13.32,地下二樓
RPQOMLQJMHHGFID38DA,坡道平面,0,,地下一樓
RPXNMLLLLHHGFCD97DA,坡道機械,0,,地下一樓
RPSNMLKMLHHGFBD37DA,坡道平面,0,,地下三樓
RPQPMLTLLHHGFAD08DA,坡道平面,0,21.93,地下三樓
RPQPMLTLLHHGFAD08DA,坡道平面,0,21.93,地下三樓
RPTPMLTLLHHGFAD38DA,坡道機械,0,11.17,地下三樓
RPSRMLTLLHHGFAD48DA,坡道平面,0,,地下一樓
RPQPMLPLLHHGFAD67DA,坡道機械,0,28.37,地下五樓含以下
RPTNMLOLLHHGFAD67DA,坡道平面,0,27.75,地下二樓
RPPNMLRLLHHGFAD57DA,一樓平面,0,15.00,一樓
RPTOMLRKKHHGFCD08DA,坡道機械,0,14.19,地下二樓
RPROMLQKLHHGFCD87DA,坡道平面,0,26.80,地下三樓
RPROMLQKLHHGFCD87DA,坡道平面,0,20.19,地下三樓
RPSOMLMLLHHGFCD67DA,坡道平面,0,37.69,地下二樓
RPVNMLLMLHHGFCD87DA,坡道平面,0,,地下一樓
RPTOMLLMLHHGFCD77DA,坡道機械,0,,地下一樓
RPRNMLPJLHHGFKD38DA,坡道機械,0,,地下一樓
RPOQMLOJLHHGFKD28DA,坡道機械,0,,地下一樓
RPVPMLTLLHHGFKD96DA,一樓平面,0,29.58,一樓
RPQOMLLJMHHGFHD87EA,一樓平面,0,11.20,一樓
RPPNMLLJMHHGFID67DA,坡道平面,0,,地下一樓
RPSRMLLMLHHGFHD48DA,坡道機械,0,8.55,一樓
RPRNMLSLKHHGFCD97DA,坡道平面,1000000,,地下二樓
RPWNMLKMLHHGFCD87DA,坡道平面,0,24.09,地下二樓
RPOOMLPLKHHGFAD27DA,坡道平面,1300000,27.73,地下三樓
RPWOMLSLLHHGFAD48DA,一樓平面,0,,一樓
RPWOMLLJMHHGFAD67DA,坡道平面,0,36.02,地下三樓
RPVOMLLJMHHGFAD57DA,坡道平面,0,53.75,地下二樓
RPUOMLRKKHHGFFD48DA,坡道平面,1050000,15.04,地下一樓
RPWNMLRKLHHGFFD68DA,坡道平面,950000,14.96,地下一樓
RPVOMLRKKHHGFFD58DA,坡道平面,950000,14.96,地下一樓
RPOPMLRKKHHGFFD97DA,坡道平面,1050000,15.01,地下一樓
RPVWMLOLKHHGFHD76DA,坡道平面,0,33.21,地下一樓
RPTNMLKMLHHGFHD08DA,坡道平面,0,,地下一樓
RPWOMLMLLHHGFKD88DA,坡道平面,0,,地下二樓
RPXNMLSLLHHGFKD86DA,升降平面,0,,地下三樓
RPTNMLSLKHHGFKD98DA,坡道機械,800000,13.14,地下二樓
RPRNMLOJLHHGFKD28DA,坡道平面,0,,地下一樓
RPUPMLTLLHHGFKD86DA,一樓平面,0,32.48,一樓
RPOPMLTLLHHGFID68DA,一樓平面,950000,13.82,一樓
RPPNMLSJMHHGFCD77DA,坡道機械,0,9.83,地下一樓
RPUNMLLJMHHGFCD57DA,升降機械,0,,地下一樓
RPWONLLJMHHGFBD87DA,坡道平面,0,30.17,地下二樓
RPXNMLSLLHHGFAD48DA,坡道平面,1700000,31.99,地下二樓
RPXNMLRJMHHGFAD28DA,坡道平面,1150000,36.01,地下五樓含以下
RPPOMLRJMHHGFAD57DA,坡道平面,1350000,36.01,地下三樓
RPROMLRJMHHGFAD77DA,坡道平面,1000000,36.01,地下五樓含以下
RPUPMLRJMHHGFAD18DA,坡道平面,1650000,33.42,地下三樓
RPSOMLRJMHHGFAD87DA,坡道平面,1350000,36.01,地下三樓
RPWPMLNJLHHGFAD87DA,坡道平面,0,,地下一樓
RPQOMLSJMHHGFCD97DA,坡道平面,0,,地下一樓
RPVNMLSJMHHGFID98DA,坡道平面,0,17.45,地下四樓
RPVNMLRJMHHGFKD09DA,坡道平面,0,,地下三樓
RPOPMLSJMHHGFKD68DA,升降機械,0,,地下一樓
RPROMLLKMHHGFCD47DA,坡道平面,0,,地下一樓
RPUOMLSJMHHGFAD18DA,坡道平面,0,,地下四樓
RPSPMLLKMHHGFAD47DA,坡道平面,0,26.53,地下三樓
RPSPMLLKMHHGFAD47DA,坡道平面,0,26.53,地下三樓
RPSPMLLKMHHGFAD47DA,坡道平面,0,26.53,地下三樓
RPSNMLKMLHHGFAD27DA,坡道平面,0,,地下一樓
RPRPMLPLLHHGFAD77DA,坡道平面,0,24.22,地下三樓
RPOQMLRJMHHGFAD67DA,坡道平面,0,,地下一樓
RPPQMLMLLHHGFAD37DA,坡道平面,0,26.53,地下四樓
RPWNMLNKMHHGFDD18DA,坡道機械,0,16.49,地下一樓
RPPNMLKKMHHGFID67DA,其他,850000,4.07,一樓
RPPNMLKKMHHGFID67DA,其他,800000,4.07,一樓
RPRNMLMKMHHGFKD28DA,坡道機械,0,,地下一樓
RPSNMLLKMHHGFCD47DA,坡道機械,0,9.83,地下一樓
RPPNMLKKMHHGFCD07DA,坡道機械,0,21.50,地下二樓
RPPNMLKKMHHGFCD07DA,坡道平面,0,28.87,地下一樓
RPWOMLNKMHHGFAD97DA,坡道平面,700000,19.83,地下一樓
RPVRMLMKMHHGFAD08DA,坡道平面,1750000,36.30,地下三樓
RPUNMLOKMHHGFAD77DA,坡道平面,1650000,29.25,地下一樓
RPUNMLOKMHHGFAD77DA,坡道平面,1650000,29.25,地下一樓
RPSNMLLMLHHGFAD37DA,坡道平面,0,33.38,地下四樓
RPPNMLSJMHHGFAD57DA,坡道平面,0,20.91,地下二樓
RPQNMLTKKHHGFKD68DA,坡道平面,1500000,,地下一樓
RPTPMLNKMHHGFKD78DA,坡道機械,0,,地下一樓
RPPPMLPKMHHGFAD57DA,坡道平面,1300000,33.13,地下四樓
RPPOMLKKLHHGFKD87DA,坡道平面,0,,地下一樓
RPSPMLOKMHHGFKD78DA,坡道機械,0,,地下二樓
RPUPMLOKMHHGFKD98DA,坡道機械,0,,地下一樓
RPTOMLSKMHHGFKD56DA,坡道機械,0,,地下二樓
RPOPMLNLKHHGFID97DA,坡道平面,1200000,17.45,地下三樓
RPPNMLQKMHHGFAD47DA,坡道平面,0,25.81,地下二樓
RPPNMLQKMHHGFBD57DA,坡道平面,0,,地下一樓
RPPNMLSKLHHGFFD08DA,坡道平面,1050000,15.04,地下一樓
RPQOMLTKMHHGFKD98DA,坡道機械,0,9.85,地下二樓
RPTNMLKLMHHGFBD47DA,坡道平面,0,25.60,地下一樓
RPWOMLTKMHHGFBD68DA,坡道平面,0,,地下二樓
RPQPMLTKMHHGFAD08DA,坡道平面,0,11.16,地下一樓
RPROMLPKMHHGFAD67DA,坡道平面,0,,地下二樓
RPSOMLKLMHHGFAD37DA,坡道平面,0,30.66,地下二樓
RPVOMLOKMHHGFDD28DA,坡道平面,0,22.53,地下二樓
RPVOMLOKMHHGFDD28DA,坡道平面,0,22.53,地下二樓
RPUOMLKLMHHGFCD77DA,坡道平面,0,,地下一樓
RPWOMLTJLHHGFAD38DA,坡道平面,0,,地下一樓
RPTPMLSLLHHGFID09DA,坡道平面,1850000,39.25,地下一樓
RPSNMLNLMHHGFKD58DA,坡道平面,0,,地下一樓
RPVOMLRLMHHGFAD48EA,坡道平面,0,26.52,地下二樓
RPUPMLMKMHHGFCD97DA,坡道平面,0,31.74,地下二樓
RPTNMLRLMHHGFAD08DA,坡道平面,0,32.55,地下一樓
RPTOMLLLMHHGFAD57DA,坡道平面,0,25.61,地下二樓
RPTOMLLLMHHGFAD57DA,坡道平面,0,25.61,地下二樓
RPVOMLSLMHHGFGD09DA,一樓平面,650000,20.06,一樓
RPTPMLPLMHHGFCD28DA,坡道機械,0,9.83,地下一樓
RPXOMLSLMHHGFCD88DA,坡道平面,0,31.74,地下一樓
RPPNMLMKKHHGFAD86DA,坡道平面,1000000,,地下一樓
RPPNMLPKLHHGFAD27DA,坡道平面,1700000,31.99,地下二樓
RPPNMLPLMHHGFCD67DA,坡道平面,0,24.09,地下一樓
RPOUMLOJNHHGFAD87DA,坡道機械,0,11.17,地下三樓
RPQOMLNJNHHGFAD37DA,坡道平面,0,34.18,地下二樓
RPQOMLNJNHHGFAD37DA,坡道平面,0,34.18,地下二樓
RPTPMLMJLHHGFAD47DA,升降機械,0,,地下一樓
RPOOMLPKMHHGFCD57DA,坡道機械,0,,地下一樓
RPQNMLQJNHHGFAD57DA,坡道平面,1350000,25.61,地下四樓
RPQNMLQKNHHGFAD67DA,坡道平面,1750000,33.42,地下二樓
RPRNMLQKNHHGFAD77DA,坡道機械,1130000,29.39,地下四樓
RPSOMLTLLHHGFKD56DA,一樓平面,0,24.84,一樓
RPUOMLTKNHHGFCD68DA,坡道平面,0,24.09,地下一樓
RPUNMLSKLHHGFFD58DA,坡道平面,950000,14.96,地下一樓
RPRNMLNLNHHGFBD67DA,坡道平面,0,26.45,地下一樓
RPRNMLNLNHHGFBD67DA,坡道平面,0,26.45,地下一樓
RPXPMLLMNHHGFID09DA,一樓平面,950000,13.82,一樓
RPUNMLSLLHHGFAD18DA,坡道平面,1600000,31.99,地下三樓
RPXPMLRKNHHGFKD07DA,一樓平面,0,,一樓
RPPOMLQLNHHGFID58DA,一樓平面,950000,13.82,一樓
RPRQMLPLJHHGFAD67DA,坡道平面,1200000,16.61,地下二樓
RPPNMLSJLHHGFAD47DA,升降平面,0,,地下一樓
RPXNMLRJLHHGFBD28DA,坡道機械,0,25.23,地下一樓
RPXNMLSJLHHGFBD38DA,升降機械,0,,地下一樓
RPUNMLSJLHHGFCD18DA,坡道平面,0,,地下一樓
RPQOMLPLKHHGFBD57DA,一樓平面,0,,一樓
RPPNMLTJLHHGFCD77DA,坡道平面,0,,地下二樓
RPQOMLLLKHHGFID87DA,坡道機械,0,,地下一樓
RPPNMLTJLHHGFKD68EA,坡道平面,0,25.59,地下二樓
RPVNMLKKLHHGFKD38DA,坡道機械,0,,地下二樓
RPOPMLRJLHHGFKD48DA,坡道平面,0,27.01,地下二樓
RPROMLTJLHHGFID68DA,坡道平面,0,17.45,地下四樓
RPRPMLRKKHHGFKD78DA,坡道平面,0,20.49,地下一樓
RPVNMLTJLHHGFAD18DA,坡道平面,0,,地下二樓
RPTOMLPKKHHGFAD67DA,坡道平面,0,,地下二樓
RPUNMLOKLHHGFHD38DA,坡道機械,0,5.61,地下一樓
RPSPMLLKLHHGFKD38DA,坡道平面,0,,地下一樓
RPUOMLTJLHHGFGD78DA,一樓平面,800000,7.13,一樓
RPQPMLTJLHHGFGD48DA,一樓平面,800000,7.13,一樓
RPXNMLMJLHHGFDD97DA,坡道平面,0,22.53,地下一樓
RPXNMLMJLHHGFDD97DA,坡道平面,0,22.53,地下一樓
RPTOMLLJLHHGFCD47DA,坡道平面,0,35.08,地下二樓
RPSOMLMLJHHGFCD47DA,升降機械,800000,,地下一樓
RPRSMLOJLHHGFAD77DA,坡道平面,800000,,地下一樓
RPQNMLPJJHHGFAD07DA,坡道平面,0,,地下一樓
RPQOMLLKLHHGFAD07DA,坡道平面,0,31.98,地下二樓
RPSOMLKKLHHGFAD17DA,坡道平面,0,36.02,地下二樓
RPRNMLPLJHHGFAD37DA,坡道平面,1900000,32.44,地下二樓
RPPNMLNLJHHGFAD96DA,坡道平面,1300000,45.61,地下二樓
RPPNMLNLJHHGFAD96DA,坡道平面,1100000,39.31,地下四樓
RPOPMLQKLHHGFAD47DA,坡道平面,0,,地下一樓
RPQOMLRJKHHGFCD67DA,坡道平面,0,24.43,地下二樓
RPWOMLRKKHHGFAD18DA,坡道機械,0,11.17,地下一樓
RPTNMLOKLHHGFCD77DA,坡道平面,0,31.74,地下二樓
RPQOMLRKKHHGFFD08DA,坡道平面,950000,14.96,地下一樓
RPXOMLRKKHHGFFD78DA,坡道平面,1050000,15.01,地下一樓
RPQPMLRKKHHGFFD18DA,坡道平面,950000,14.96,地下一樓
RPROMLSJLHHGFKD78DA,一樓平面,0,32.48,一樓
RPPOMLSKJHHGFID28DA,坡道平面,1500000,17.45,地下一樓
RPTOMLPLKHHGFKD78DA,坡道機械,0,9.85,地下二樓
RPOPMLPKLHHGFHD08DA,坡道平面,0,27.88,地下二樓
RPPPMLOKLHHGFCD57DA,坡道平面,0,13.68,一樓
RPRNMLRLJHHGFCD77DA,坡道平面,0,24.43,地下一樓
RPRNMLRLJHHGFCD77DA,坡道平面,0,24.43,地下一樓
RPPOMLMJLHHGFAD96DA,坡道平面,0,31.89,地下二樓
RPWNMLNJLHHGFAD67DA,坡道機械,0,8.28,地下二樓
RPTQMLRKLHHGFAD18DA,坡道平面,0,26.52,地下二樓
RPROMLRKLHHGFAD77DA,坡道平面,1750000,36.30,地下三樓
RPUPMLKKLHHGFAD47DA,坡道平面,0,,地下一樓
RPWNMLPKLHHGFCD18DA,坡道平面,0,,地下一樓
RPPNMLQJLHHGFCD47DA,坡道機械,0,,地下二樓
RPQOMLRKLHHGFCD87DA,坡道機械,0,,地下一樓
RPWNMLPKLHHGFKD98DA,坡道平面,0,,地下一樓
RPUNMLLKKHHGFCD47DA,坡道平面,0,27.82,地下二樓
RPPPMLRJKHHGFAD47DA,坡道機械,0,17.17,地下三樓
RPSOMLQKLHHGFAD77DA,坡道機械,0,17.57,地下四樓
RPSOMLQKLHHGFAD77DA,坡道機械,0,17.57,地下四樓
RPVNMLQKLHHGFAD97DA,坡道平面,0,,地下二樓
RPXOMLQKLHHGFAD28DA,坡道機械,0,13.31,地下二樓
RPTNMLSKLHHGFKD98DA,一樓平面,0,,一樓
RPUOMLOKMHHGFID68DA,一樓平面,0,16.06,一樓
RPXNMLPLLHHGFGD78DA,一樓平面,0,20.06,一樓
RPSPMLSJLHHGFBD08DA,坡道平面,0,25.60,地下一樓
RPQQMLLLLHHGFAD37DA,升降機械,0,,地下一樓
RPVNMLLLLHHGFAD57DA,坡道平面,0,25.61,地下二樓
RPVNMLLLLHHGFAD57DA,坡道平面,0,25.61,地下二樓
RPRNMLTKKHHGFAD77DA,坡道平面,0,24.80,地下二樓
RPRNMLTKKHHGFAD77DA,坡道平面,0,24.80,地下四樓
RPVNMLMLLHHGFGD28DA,一樓平面,800000,7.13,一樓
RPSPMLMLLHHGFKD58DA,坡道平面,0,,地下一樓
RPPNMLQKKHHGFKD28DA,坡道平面,0,38.58,地下四樓
RPVOMLNLLHHGFKD88DA,坡道機械,0,10.74,地下一樓
RPRNMLMLLHHGFGD87DA,坡道平面,0,,地下一樓
RPVPMLRKLHHGFDD58DA,坡道平面,0,22.53,地下二樓
RPVPMLRKLHHGFDD58DA,坡道平面,0,22.53,地下二樓
RPPQMLLLJHHGFAD07DA,坡道平面,1100000,27.86,地下三樓
RPPQMLLLJHHGFAD07DA,坡道平面,1100000,27.86,地下三樓
RPTPMLRKLHHGFAD08DA,坡道機械,0,11.16,地下三樓
RPTNMLMLLHHGFAD47DA,坡道平面,0,29.25,地下三樓
RPTNMLMLLHHGFAD47DA,坡道平面,0,29.25,地下三樓
RPTPMLLLLHHGFBD67DA,坡道機械,0,25.28,地下一樓
RPVNMLTKKHHGFAD18DA,坡道平面,0,28.87,地下四樓
RPROMLOLLHHGFAD57DA,升降機械,0,,地下二樓
RPUNMLOJLHHGFGD18DA,一樓平面,0,,一樓
RPTOMLOLLHHGFCD97DA,升降平面,0,29.01,地下二樓
RPRQMLPKLHHGFAD77DA,坡道平面,0,,地下一樓
RPTOMLNLLHHGFAD67DA,坡道平面,0,31.89,地下二樓
RPSNMLTJJHHGFAD67DA,坡道平面,1000000,30.66,地下二樓
RPWNMLSLLHHGFCD58DA,坡道機械,0,,地下二樓
RPROMLKKKHHGFCD17DA,坡道平面,0,34.06,地下二樓
RPUNMLKMLHHGFAD47DA,一樓平面,0,,一樓
RPTNMLRJJHHGFAD57DA,坡道平面,0,27.34,地下四樓
RPTNMLRJJHHGFAD57DA,坡道平面,0,27.34,地下四樓
RPVNMLOLLHHGFCD08DA,坡道平面,1200000,16.76,地下四樓
RPSNMLLMLHHGFID18DA,坡道平面,0,,地下一樓
RPSPMLPLLHHGFHD58DA,坡道平面,0,28.93,地下二樓
RPTNMLTLLHHGFKD56DA,坡道平面,0,,地下一樓
RPPOMLQJMHHGFID28DA,坡道平面,0,,地下一樓
RPPPMLRJMHHGFHD38DA,坡道平面,0,,地下一樓
RPWOMLLKMHHGFGD38DA,一樓平面,800000,7.13,一樓
RPXOMLLKMHHGFGD48DA,一樓平面,800000,7.13,一樓
RPOOMLSJKHHGFAD37DA,坡道平面,0,,地下二樓
RPRRMLTLLHHGFAD38DA,坡道平面,0,30.66,地下三樓
RPTOMLTKMHHGFCD48DA,坡道平面,0,35.45,地下一樓
RPPPMLRKKHHGFFD08DA,坡道平面,950000,14.96,地下一樓
RPPNMLRJKHHGFAD27DA,坡道平面,1400000,31.99,地下四樓
RPROMLMLMHHGFKD48DA,坡道平面,0,,地下一樓
RPQPMLRLMHHGFKD98DA,坡道平面,0,,地下二樓
RPTOMLMLMHHGFKD68DA,坡道平面,0,,地下一樓
RPTOMLMLMHHGFKD68DA,坡道平面,0,,地下一樓
RPTOMLMLMHHGFKD68DA,坡道平面,0,,地下二樓
RPTOMLMLMHHGFKD68DA,坡道平面,0,,地下二樓
RPTOMLMLMHHGFKD68DA,坡道平面,0,,地下二樓
RPTOMLMLMHHGFKD68DA,坡道平面,0,,地下二樓
RPTOMLMLMHHGFKD68DA,坡道平面,0,,地下二樓
RPRNMLKMMHHGFAD27DA,坡道機械,0,23.36,地下五樓含以下
RPXNMLPKMHHGFAD18DA,坡道平面,0,27.73,地下四樓
RPROMLNJNHHGFAD47DA,坡道平面,0,,地下三樓
RPROMLNJNHHGFAD47DA,坡道平面,0,,地下三樓
RPROMLNJNHHGFAD47DA,坡道平面,0,,地下三樓
RPQQMLPJNHHGFBD87DA,坡道平面,0,29.06,地下一樓
RPSQMLPKLHHGFAD87DA,坡道平面,0,,地下一樓
RPOPMLOKMHHGFDD67DA,坡道平面,0,22.53,地下一樓
RPOPMLOKMHHGFDD67DA,坡道平面,0,22.53,地下一樓
RPXPMLLLKHHGFAD87DA,坡道平面,0,30.66,地下五樓含以下
RPQNMLNKNHHGFDD67DA,坡道平面,0,22.53,地下二樓
RPQNMLNKNHHGFDD67DA,坡道平面,0,22.53,地下二樓
RPXOMLRLJHHGFCD48DA,坡道平面,0,,地下一樓
RPVOMLRKKHHGFAD08DA,坡道平面,1400000,31.99,地下四樓
RPVNMLKKLHHGFHD08DA,一樓平面,0,20.10,一樓
RPSQMLTJKIGGFID88DA,坡道平面,1200000,17.45,地下四樓
RPWNMLSLJHHGFKD56DA,一樓平面,0,,一樓
RPTNMLRJLHHGFID58DA,坡道平面,0,,地下二樓
RPQNMLTJKHHGFHD28DA,一樓平面,1200000,13.24,一樓
RPPRMLTJKHHGFHD58DA,一樓平面,1300000,14.41,一樓
RPXNMLSJKHHGFHD88DA,一樓平面,800000,6.92,一樓
RPXNMLTJKHHGFHD98DA,一樓平面,800000,6.92,一樓
RPPOMLOLKHHGFAD27DA,坡道平面,1500000,28.87,地下二樓
RPQPMLMKJHHGFAD07DA,坡道平面,1800000,32.44,地下三樓
RPWNMLTJLHHGFGD88DA,一樓平面,800000,7.13,一樓
RPTOMLTJLHHGFGD68DA,一樓平面,800000,7.13,一樓
RPOPMLTJLHHGFGD28DA,一樓平面,800000,7.13,一樓
RPQOMLKKLHHGFCD17DA,坡道平面,0,25.32,地下二樓
RPPVMLLKJHHGFAD47DA,坡道機械,1150000,24.50,地下四樓
RPQQMLPKLHHGFAD67DA,坡道機械,0,,地下一樓
RPQQMLOKJHHGFAD37DA,坡道平面,1700000,36.01,地下二樓
RPQOMLMJLHHGFCD27DA,坡道平面,0,24.43,地下二樓
RPQPMLSKLHHGFAD87DA,坡道平面,0,,地下一樓
RPQPMLSKLHHGFAD87DA,坡道平面,0,,地下一樓
RPXPMLMKJHHGFHD48DA,一樓平面,0,,一樓
RPSNMLQJJHHGFBD47DA,坡道平面,0,22.06,地下一樓
RPSNMLQJJHHGFBD47DA,坡道平面,0,22.06,地下一樓
RPQNMLNKJHHGFAD96DA,坡道平面,1100000,29.08,地下一樓
RPUNMLLLLHHGFAD47DA,坡道平面,0,,地下二樓
RPVRMLMKJHHGFHD48DA,升降機械,0,,一樓
RPOOMLOKKIGGFHD77DA,坡道平面,1050000,31.43,地下一樓
RPOOMLOKKIGGFHD77DA,坡道平面,1050000,31.43,地下一樓
RPOOMLPJJHHGFBD07DA,坡道平面,0,22.05,地下一樓
RPOOMLPJJHHGFBD07DA,坡道平面,0,22.05,地下一樓
RPRNMLSLJHHGFBD77DA,坡道平面,0,22.06,地下一樓
RPRNMLSLJHHGFBD77DA,坡道平面,0,22.06,地下一樓
RPROMLRJLHHGFCD87DA,坡道平面,0,27.64,地下二樓
RPROMLLMLHHGFCD57DA,一樓平面,1100000,14.92,一樓
RPVOMLSJMHHGFAD28DA,坡道平面,0,31.47,地下一樓
RPXNMLSKKHHGFBD38DA,坡道平面,0,22.06,地下一樓
RPXNMLSKKHHGFBD38DA,坡道平面,0,22.06,地下一樓
RPXNMLSKKHHGFBD38DA,一樓平面,0,22.06,一樓
RPVOMLMJLHHGFKD58DA,坡道平面,0,24.83,地下一樓
RPROMLSKKHHGFBD87DA,坡道平面,0,22.06,地下一樓
RPROMLSKKHHGFBD87DA,坡道平面,0,22.06,地下一樓
RPUOMLLKMHHGFAD57DA,坡道平面,0,24.50,地下四樓
RPXOMLPKMHHGFCD48DA,坡道機械,0,12.81,地下二樓
RPSNMLPKMHHGFCD87DA,坡道平面,0,,地下二樓
RPXOMLSJKHHGFHD98DA,一樓平面,1050000,13.24,一樓
RPPNMLRLMHHGFAD67DA,坡道平面,0,21.93,地下二樓
RPPNMLRLMHHGFAD67DA,坡道平面,0,21.93,地下二樓
RPPOMLKKMHHGFCD17DA,一樓平面,1100000,14.92,一樓
RPUNMLSJKHHGFHD58DA,一樓平面,800000,6.92,一樓
RPOQMLTJKHHGFHD38DA,一樓平面,1200000,14.41,一樓
RPQPMLNJNHHGFCD67DA,坡道平面,0,31.92,地下二樓
RPQPMLNJNHHGFCD67DA,坡道平面,0,31.92,地下二樓
RPPPMLPJNHHGFCD77DA,坡道平面,0,14.36,地下一樓
RPTNMLQLNHHGFID88DA,一樓平面,0,14.99,一樓
RPOPMLRJLHHGFAD47DA,坡道平面,1150000,25.48,地下一樓
RPQOMLPLKHHGFAD47DA,坡道平面,700000,,地下一樓
RPRQMLLLKHHGFHD08DA,坡道機械,0,,地下二樓
RPXPMLTJKHHGFHD56DA,一樓平面,800000,6.92,一樓
RPRQMLTJKHHGFHD68DA,一樓平面,800000,6.92,一樓
RPTPMLTJKHHGFHD78DA,一樓平面,1200000,14.41,一樓
RPRPMLTJKHHGFHD58DA,一樓平面,1200000,14.41,一樓
RPUQMLTJKHHGFHD98DA,一樓平面,1200000,14.41,一樓
RPORMLTJKHHGFHD48DA,一樓平面,1200000,14.41,一樓
RPUOMLLKKHHGFHD08DA,一樓平面,1200000,14.41,一樓
RPTOMLLKKHHGFHD97DA,一樓平面,1200000,13.24,一樓
RPSOMLTJKHHGFHD58DA,一樓平面,800000,6.92,一樓
RPQNMLPKJIGGFAD17DA,坡道平面,0,31.99,地下四樓
RPQNMLPKJIGGFAD17DA,坡道平面,0,31.99,地下四樓
RPWNMLQLJHHGFAD97DA,坡道機械,1150000,24.50,地下四樓
RPSNMLPJLHHGFKD48DA,坡道平面,0,,地下一樓
RPQOMLOLJHHGFAD27DA,坡道平面,1700000,32.44,地下三樓
RPXOMLSKLHHGFID66DA,坡道平面,0,17.45,地下三樓
RPSNMLTJKHHGFHD48DA,一樓平面,800000,6.92,一樓
RPQOMLTJKHHGFHD38DA,一樓平面,800000,6.92,一樓
RPQOMLMLLHHGFAD27DA,一樓平面,0,,一樓
RPSOMLSKJHHGFHD48DA,坡道平面,900000,31.43,地下二樓
RPTOMLSKJHHGFHD58DA,坡道平面,900000,31.43,地下二樓
RPTOMLSKJHHGFHD58DA,坡道平面,900000,31.43,地下二樓
RPXOMLTKJHHGFHD09DA,坡道平面,1100000,31.43,地下一樓
RPXOMLTKJHHGFHD09DA,坡道平面,1100000,31.43,地下一樓
RPWOMLOLLHHGFAD08DA,坡道平面,0,24.22,地下四樓
RPRNMLSLLHHGFKD88DA,坡道機械,600000,,地下二樓
RPPOMLQJJHHGFAD17DA,坡道平面,1800000,32.44,地下二樓
RPQNMLPLLHHGFAD47DA,坡道平面,0,30.66,地下四樓
RPQQMLLKKHHGFAD17DA,坡道平面,0,27.73,地下二樓
RPQNMLOJMHHGFAD27DA,坡道機械,0,17.86,地下四樓
RPQPMLTJKHHGFHD48DA,一樓平面,1200000,14.41,一樓
RPOPMLSJKHHGFHD18DA,一樓平面,1200000,13.24,一樓
RPWOMLOKMHHGFDD38DA,坡道平面,1100000,22.53,地下二樓
RPTNMLPLLHHGFAD77DA,坡道平面,0,34.19,一樓
RPTNMLPLLHHGFAD77DA,坡道平面,0,34.19,一樓
RPTNMLPLLHHGFAD77DA,坡道平面,0,34.19,地下一樓
RPTNMLPLLHHGFAD77DA,坡道平面,0,34.19,地下一樓
RPTNMLPLLHHGFAD77DA,坡道平面,0,34.19,地下二樓
RPTNMLPLLHHGFAD77DA,坡道平面,0,34.19,地下二樓
RPTNMLPLLHHGFAD77DA,坡道平面,0,34.19,地下二樓
RPWOMLSJKHHGFHD88DA,一樓平面,800000,6.92,一樓
RPSNMLOLLHHGFHD28DA,一樓平面,800000,6.92,一樓
RPSNMLNKMHHGFCD67DA,坡道平面,0,31.92,地下二樓
RPSNMLNKMHHGFCD67DA,坡道平面,0,31.92,地下二樓
RPQNMLMJNHHGFCD37DA,坡道平面,0,,地下一樓
RPQRMLTJKHHGFHD68DA,一樓平面,1200000,14.41,一樓
RPVQMLQKNHHGFAD48DA,坡道平面,1050000,36.36,地下一樓
RPSNMLKLNHHGFID18DA,坡道平面,1000000,,一樓
RPTNMLKLNHHGFID28DA,坡道平面,1000000,18.36,一樓
RPRPMLKLNHHGFCD67DA,坡道平面,1500000,23.59,地下二樓
RPVTMLLKJHHGFAD87DA,坡道平面,1700000,32.44,地下三樓
RPUPMLPLJHHGFAD87DA,坡道機械,1150000,24.50,地下四樓
RPPOMLKKJHHGFAD66DA,坡道機械,1000000,24.50,地下四樓
RPSPMLRJJHHGFAD67DA,坡道平面,1800000,32.44,地下二樓
RPVNMLSKKHHGFAD08DA,坡道機械,1000000,24.50,地下四樓
RPPNMLTLJHHGFAD57DA,坡道機械,1150000,24.50,地下四樓
RPPNMLTKLHHGFCD87DA,坡道平面,0,25.32,地下三樓
RPVOMLTLKIGGFAD38DA,坡道平面,0,31.99,地下四樓
RPVOMLTLKIGGFAD38DA,坡道平面,0,31.99,地下四樓
RPOQMLMKMHHGFAD27DA,坡道平面,1600000,36.01,地下四樓
RPOQMLMKMHHGFAD27DA,坡道平面,1600000,36.01,地下四樓
RPVNMLSKMHHGFKD66DA,坡道平面,0,26.25,地下一樓
RPQNMLRLLHHGFHD38DA,一樓平面,0,,一樓
RPXOMLNJNHHGFAD08DA,坡道機械,1000000,24.50,地下四樓
SPTOMLPLMHHGFAD08DA,坡道平面,900000,36.36,地下四樓
RPTOMLPLMHHGFAD97DA,坡道平面,900000,36.36,地下四樓
RPPPMLPLMHHGFAD67DA,坡道平面,1000000,36.36,地下二樓
RPSQMLQKNHHGFAD18DA,坡道平面,900000,36.36,地下四樓
RPQOMLNLNHHGFAD57DA,坡道平面,0,,地下一樓
RPSNMLSLMHHGFID88DA,升降機械,800000,11.57,一樓
RPOPMLKKLHHGFID67DA,一樓平面,1150000,24.27,一樓
RPOOMLRJKHHGFCD47DA,坡道平面,0,25.33,地下三樓
RPRUMLLKJHHGFAD57DA,坡道平面,1800000,32.44,地下二樓
RPSNMLPLLHHGFID48DA,坡道平面,1100000,24.27,一樓
RPWUMLLKJHHGFAD08DA,坡道機械,1100000,24.50,地下四樓
RPSQMLMKMHHGFAD67DA,坡道平面,950000,36.36,地下三樓
RPSOMLPLMHHGFAD87DA,坡道平面,1050000,36.36,地下一樓
RPXNMLLLMHHGFID68DA,坡道平面,0,,地下一樓
RPWPMLLKNHHGFAD97DA,坡道平面,1550000,29.86,地下二樓
RPQNMLKKMHHGFCD17DA,一樓平面,1100000,14.92,一樓
RPVPMLKKNHHGFBD87DA,一樓平面,1000000,24.65,一樓
RPUNMLTKNHHGFID56DA,其他,950000,13.21,一樓
RPUOMLKMNHHGFAD77DA,坡道平面,1000000,36.36,地下二樓
RPVNMLTLRHGGFAD88DA,坡道平面,1300000,31.99,地下四樓
RPSNMLQLNHHGFID78DA,其他,1100000,19.46,一樓
RPVOMLRLNHHGFID66DA,其他,950000,13.21,一樓
RPTQMLLMNHHGFID78DA,其他,950000,13.21,一樓
RPSOMLQLNHHGFID88DA,其他,950000,13.21,一樓
RPQOMLLJLHHGFAD96DA,坡道平面,1200000,,地下一樓
RPROMLPKLHHGFAD57DA,坡道平面,1000000,36.36,地下二樓
RPTOMLPKLHHGFAD77DA,坡道平面,1050000,36.36,地下一樓
RPPOMLSKLHHGFAD67DA,坡道平面,950000,36.36,地下三樓
SPTOMLPKLHHGFAD87DA,坡道平面,950000,36.36,地下三樓
RPOOMLPKLHHGFID08DA,一樓平面,800000,15.07,一樓
RPOPMLKMLHHGFAD07DA,坡道平面,900000,36.36,地下四樓
RPPNMLSJMHHGFBD67DA,坡道平面,0,30.17,地下三樓
RPVOMLPJNHHGFID88DA,其他,950000,13.21,一樓
RPXNMLKKMHHGFCD87DA,一樓平面,1100000,14.92,一樓
RPTQMLTKNHHGFBD68DA,坡道平面,1300000,30.18,地下一樓
RPOOMLSLMHHGFID58DA,升降機械,800000,11.57,一樓
RPRQMLLMNHHGFID58DA,其他,950000,13.21,一樓
RPOQMLLMNHHGFID28DA,其他,950000,13.21,一樓
RPXNMLMLLHHGFID68DA,一樓平面,800000,15.07,一樓
RPSNMLPKLHHGFID38DA,一樓平面,800000,23.06,一樓
RPSOMLSKLHHGFID78DA,一樓平面,800000,16.42,一樓
RPVOMLSKLHHGFID09DA,一樓平面,800000,15.07,一樓
RPVPMLMKMHHGFAD87DA,坡道平面,1600000,36.01,地下四樓
RPVSMLQLMHHGFBD78DA,坡道平面,0,30.18,地下二樓
RPVNMLRJNHHGFBD28DA,坡道平面,1350000,24.39,地下一樓
RPPVMLSLMHHGFBD68DA,坡道平面,1350000,24.39,地下二樓
RPXRMLSLMHHGFBD09DA,坡道平面,1350000,24.39,地下一樓
RPROMLTLMHHGFID98DA,升降機械,700000,11.57,一樓
RPXNMLSLMHHGFID76DA,升降機械,800000,11.57,一樓
RPPOMLNLNHHGFID28DA,其他,950000,13.21,一樓
RPRNMLSLMHHGFID78DA,升降機械,800000,11.57,一樓
RPRPMLSJLHHGFHD58DA,一樓平面,850000,15.09,一樓
RPUOMLKKLHHGFID18DA,一樓平面,1150000,24.27,一樓
RPVPMLLLLHHGFAD77DA,坡道平面,950000,36.36,地下三樓
RPPOMLPKLHHGFAD37DA,坡道平面,1000000,36.36,地下二樓
RPSOMLKMLHHGFAD37DA,坡道平面,900000,36.36,地下四樓
RPXOMLKMLHHGFAD87DA,坡道平面,900000,36.36,地下四樓
RPUOMLRKKHHGFAD97DA,坡道平面,1550000,32.44,地下三樓
RPUOMLPLMHHGFAD08DA,坡道平面,1000000,36.36,地下二樓
RPWOMLLKNHHGFAD87DA,坡道平面,1650000,29.86,地下二樓
RPWOMLLKNHHGFAD87DA,坡道平面,1650000,29.86,地下二樓
RPSOMLTKNHHGFID09DA,一樓平面,950000,13.82,一樓
RPSNMLLJOHHGFID18DA,升降機械,800000,11.57,一樓
RPQNMLRLNHHGFID68DA,一樓平面,950000,13.82,一樓
RPQPMLSJLHHGFHD48DA,一樓平面,850000,15.09,一樓
RPWOMLKKLHHGFID38DA,一樓平面,1150000,24.27,一樓
RPXOMLKKLHHGFID48DA,一樓平面,1150000,24.27,一樓
RPROMLQJJHHGFAD37DA,坡道平面,1800000,32.44,地下二樓
RPUNMLRKLHHGFID78DA,一樓平面,1150000,24.27,一樓
RPQOMLPKLHHGFAD47DA,坡道平面,1000000,37.66,地下二樓
RPTNMLRLLHHGFHD68DA,一樓平面,0,,一樓
RPROMLLLMHHGFAD37DA,坡道平面,0,36.36,地下二樓
RPROMLLLMHHGFAD37DA,坡道平面,0,36.36,地下二樓
RPUNMLMLMHHGFKD68DA,坡道平面,0,38.58,地下二樓
RPOOMLPLMHHGFID28DA,一樓平面,950000,13.82,一樓
RPSNMLRLLHHGFHD58DA,一樓平面,0,,一樓
RPUPMLLKNHHGFAD77DA,坡道平面,1500000,29.86,地下二樓
RPUPMLLKNHHGFAD77DA,坡道平面,1700000,36.01,地下三樓
RPOPMLSKNHHGFCD08DA,一樓平面,1100000,14.92,一樓
RPUNMLRJNHHGFBD18DA,坡道平面,1050000,24.39,地下一樓
RPQOMLTKNHHGFID88DA,一樓平面,950000,13.82,一樓
RPXNMLTKNHHGFID86DA,一樓平面,950000,13.82,一樓
RPRSMLRKNHHGFBD48DA,坡道平面,1050000,24.39,地下一樓
RPRPMLMKJHHGFAD17DA,坡道機械,1100000,24.50,地下四樓
RPVOMLMJLHHGFHD28DA,升降機械,800000,16.48,一樓
RPUVMLLKJHHGFAD97DA,坡道平面,1700000,32.44,地下三樓
RPVOMLPKLHHGFAD97DA,坡道平面,1000000,36.36,地下二樓
RPUOMLSKLHHGFID98DA,一樓平面,800000,16.42,一樓
RPROMLTKNHHGFID98DA,一樓平面,950000,13.82,一樓
RPPQMLQLNHHGFKD98DA,一樓平面,1100000,17.08,一樓
RPSOMLKMNHHGFAD57DA,坡道平面,950000,36.36,地下三樓
RPUQMLNLKIGGFHD58DA,一樓平面,0,26.47,一樓
RPWNMLMJLHHGFHD28DA,升降機械,700000,16.48,一樓
RPROMLMJLHHGFHD87DA,升降機械,900000,16.48,一樓
RPXNMLMJLHHGFHD38DA,升降機械,800000,16.48,一樓
RPWOMLMJLHHGFHD38DA,升降機械,800000,16.48,一樓
RPXPMLQLJHHGFAD28DA,坡道平面,1700000,32.44,地下三樓
RPTVMLLKJHHGFAD87DA,坡道平面,1700000,32.44,地下三樓
RPOPMLRJJHHGFAD27DA,坡道機械,1050000,24.50,地下四樓
RPSPMLMJLHHGFHD08DA,升降機械,800000,16.48,一樓
RPQOMLSKLHHGFAD77DA,坡道平面,1000000,36.36,地下二樓
RPUNMLPKLHHGFID58DA,一樓平面,800000,15.07,一樓
RPQNMLLMLHHGFID97DA,一樓平面,1150000,24.27,一樓
RPSPMLMKMHHGFAD57DA,坡道平面,1550000,36.01,地下四樓
RPOOMLLLMHHGFAD07DA,坡道平面,950000,36.36,地下三樓
RPQOMLTKMHHGFBD08DA,坡道平面,1500000,23.61,地下一樓
RPPOMLPLMHHGFID38DA,一樓平面,950000,13.82,一樓
RPRNMLRLLHHGFHD48DA,一樓平面,0,,一樓
RPVNMLQJNHHGFID88DA,一樓平面,950000,13.82,一樓
RPXOMLPLMHHGFAD38DA,坡道平面,900000,36.36,地下四樓
RPQNMLPJNHHGFID28DA,一樓平面,950000,13.82,一樓
RPRQMLQKNHHGFAD08DA,坡道平面,900000,36.36,地下四樓
RPVQMLSLMHHGFBD78DA,坡道機械,0,17.47,地下三樓
RPVQMLSLMHHGFBD78DA,坡道機械,0,17.47,地下三樓
RPRNMLLKNHHGFBD37DA,一樓平面,1000000,24.65,一樓
RPOOMLNLNHHGFID18DA,一樓平面,950000,13.82,一樓
RPWNMLLJOHHGFAD77DA,坡道機械,0,,地下四樓
RPVOMLKKLHHGFID28DA,一樓平面,1100000,24.27,一樓
RPSOMLMJLHHGFHD97DA,升降機械,800000,16.48,一樓
RPSPMLNLKHHGFHD28DA,升降機械,800000,16.48,一樓
RPTPMLMJLHHGFHD18DA,升降機械,800000,16.48,一樓
RPRPMLMJLHHGFHD97DA,升降機械,800000,16.48,一樓
RPROMLSKLHHGFAD87DA,坡道平面,0,36.36,地下四樓
RPROMLSKLHHGFAD87DA,坡道平面,0,36.36,地下四樓
RPQQMLSLJHHGFAD87DA,坡道機械,1050000,24.50,地下四樓
RPQNMLLKJHHGFAD76DA,坡道機械,1050000,24.50,地下四樓
RPUQMLMKMHHGFAD87DA,坡道平面,950000,36.36,地下三樓
RPVQMLMKMHHGFAD97DA,坡道平面,950000,36.36,地下三樓
RPQNMLPLMHHGFID38DA,一樓平面,950000,13.82,一樓
RPSOMLNJNHHGFKD58DA,一樓平面,1200000,8.99,一樓
RPOPMLPLMHHGFAD57DA,坡道平面,900000,37.66,地下四樓
RPRPMLLKNHHGFAD47DA,坡道平面,1250000,29.86,地下四樓
RPQQMLQKNHHGFAD97DA,坡道平面,1000000,36.36,地下二樓
RPTPMLLKNHHGFAD67DA,坡道平面,1300000,29.86,地下三樓
RPTPMLLKNHHGFAD67DA,坡道平面,1350000,29.86,地下三樓
RPXPMLLKNHHGFAD08DA,坡道平面,1400000,29.86,地下二樓
RPXPMLLKNHHGFAD08DA,坡道平面,1400000,29.86,地下二樓
RPTQMLQKNHHGFAD28DA,坡道平面,1000000,36.36,地下二樓
RPOQMLSLMHHGFBD08DA,坡道平面,1350000,25.77,地下一樓
RPWQMLSLMHHGFBD88DA,坡道平面,1300000,23.35,地下一樓
RPTNMLKKMHHGFCD47DA,一樓平面,1100000,14.92,一樓
RPWNMLPLNHHGFKD66DA,坡道平面,0,,地下一樓
RPPNMLTJOHHGFAD87DA,坡道平面,1050000,36.36,地下一樓
RPUNMLKMNHHGFCD87DA,坡道平面,1500000,23.59,地下二樓
RPOOMLTJLHHGFHD28DA,升降機械,800000,16.48,一樓
RPPUMLLKJHHGFAD37DA,坡道平面,1700000,32.44,地下三樓
RPVPMLMJLHHGFHD38DA,升降機械,900000,16.48,一樓
RPXPMLMJLHHGFHD58DA,升降機械,900000,16.48,一樓
RPSNMLMJLHHGFHD87DA,升降機械,700000,16.48,一樓
RPUNMLMJLHHGFHD08DA,升降機械,700000,16.48,一樓
RPRPMLNLLHHGFBD67DA,一樓平面,1150000,14.97,一樓
RPUOMLMJLHHGFHD18DA,升降機械,900000,16.48,一樓
RPWOMLKMLHHGFAD77DA,坡道平面,950000,37.66,地下三樓
RPRPMLKMLHHGFAD37DA,坡道平面,1000000,36.36,地下二樓
RPWOMLSKMHHGFBD58DA,一樓平面,1150000,14.97,一樓
RPWOMLPLMHHGFAD28DA,坡道平面,900000,36.36,地下四樓
RPPNMLMKMHHGFBD17DA,坡道平面,1500000,23.61,地下一樓
RPPNMLNKMHHGFBD27DA,坡道平面,1550000,28.12,地下一樓
RPSOMLTJNHHGFID98DA,一樓平面,950000,13.82,一樓
RPUOMLPJNHHGFBD08DA,坡道機械,600000,14.15,地下三樓
RPOOMLPJNHHGFBD47DA,坡道平面,600000,14.15,地下三樓
RPUQMLQKNHHGFAD38DA,坡道平面,1050000,36.36,地下一樓
RPSPMLLKNHHGFAD57DA,坡道平面,1600000,36.01,地下四樓
RPTOMLPJNHHGFBD97DA,坡道機械,0,14.15,地下三樓
RPTOMLPJNHHGFBD97DA,坡道機械,0,14.15,地下三樓
RPVPMLPLNHHGFBD48DA,坡道平面,1500000,23.61,地下一樓
RPWPMLPLNHHGFBD58DA,坡道平面,1500000,23.61,地下一樓
RPOOMLPLNHHGFID38DA,一樓平面,950000,13.82,一樓
RPVPMLPJJHHGFAD77DA,坡道平面,1700000,32.44,地下三樓
RPOOMLQLNHHGFID48DA,一樓平面,950000,13.82,一樓
RPPNMLSKKHHGFHD18DA,一樓平面,0,26.47,一樓
RPOPMLPLKHHGFAD37DA,坡道機械,1050000,24.50,地下四樓
RPXRMLSLJHHGFAD68DA,坡道機械,1050000,24.50,地下四樓
RPUOMLKMLHHGFAD57DA,坡道平面,900000,36.36,地下四樓
RPSPMLNJJHHGFAD27DA,坡道機械,1150000,24.50,地下四樓
RPWRMLSLJHHGFAD58DA,坡道機械,1050000,24.50,地下四樓
RPSPMLKKJHHGFAD07DA,坡道機械,1050000,24.50,地下四樓
RPPNMLKMLHHGFGD57DA,一樓平面,800000,20.30,一樓
RPUOMLTLLHHGFGD98DA,一樓平面,800000,20.30,一樓
RPPOMLTLLHHGFGD48DA,一樓平面,800000,20.30,一樓
RPWOMLTLLHHGFGD56DA,一樓平面,800000,20.30,一樓
RPWNMLTLLHHGFGD09DA,一樓平面,800000,20.30,一樓
RPPQMLTLLHHGFGD68DA,一樓平面,800000,20.30,一樓
RPTQMLMKMHHGFAD77DA,坡道平面,950000,37.66,地下三樓
RPWNMLKKMHHGFBD67DA,一樓平面,1100000,,一樓
RPROMLSKMHHGFBD08DA,一樓平面,1180000,14.97,一樓
RPOPMLSKMHHGFBD87DA,一樓平面,1150000,14.97,一樓
RPRPMLSKMHHGFBD18DA,一樓平面,1100000,14.97,一樓
RPWRMLRJNHHGFBD78DA,一樓平面,1100000,14.97,一樓
RPQOMLNJNHHGFKD38DA,一樓平面,1200000,8.99,一樓
RPPQMLQKNHHGFAD87DA,坡道平面,1000000,36.36,地下二樓
RPQNMLSLMHHGFID68DA,升降機械,800000,11.57,一樓
RPWNMLTKNHHGFID76DA,一樓平面,950000,13.82,一樓
RPSPMLNLNHHGFBD97DA,一樓平面,1270000,21.62,一樓
RPUSMLOLNHHGFBD58DA,一樓平面,1100000,14.97,一樓
RPTPMLPLNHHGFBD28DA,坡道機械,700000,14.15,地下三樓
RPQOMLRLNHHGFBD08DA,坡道平面,1100000,30.18,地下三樓
RPXUMLLKJHHGFAD18DA,坡道機械,1050000,24.50,地下四樓
RPSNMLRLNHHGFCD28DA,坡道平面,1400000,23.59,地下三樓
RPUNMLRJLHHGFBD97DA,坡道平面,1450000,24.69,地下一樓
RPVNMLQLJHHGFAD87DA,坡道機械,1050000,24.50,地下四樓
RPTOMLPKLHHGFGD38DA,一樓平面,800000,23.72,一樓
RPUOMLPKLHHGFAD87DA,坡道平面,950000,36.36,地下三樓
RPQPMLKMLHHGFAD27DA,坡道平面,1000000,36.36,地下二樓
RPPPMLKMLHHGFAD17DA,坡道平面,900000,36.36,地下四樓
RPTPMLTLLHHGFBD48DA,坡道平面,1100000,30.18,地下三樓
RPRNMLQLJHHGFAD47DA,坡道機械,1050000,24.50,地下四樓
RPROMLTLLHHGFGD68DA,一樓平面,800000,20.30,一樓
RPVPMLTLLHHGFGD56DA,一樓平面,800000,20.30,一樓
RPUNMLTLLHHGFGD88DA,一樓平面,800000,20.30,一樓
RPXPMLTLLHHGFGD76DA,一樓平面,800000,20.30,一樓
RPWPMLTLLHHGFGD66DA,一樓平面,800000,20.30,一樓
RPQNMLMKMHHGFBD27DA,坡道平面,1500000,23.61,地下一樓
RPTNMLKKMHHGFBD37DA,一樓平面,1100000,14.97,一樓
RPRNMLMKMHHGFBD37DA,坡道平面,1300000,23.61,地下三樓
RPOPMLMKMHHGFAD17DA,坡道平面,1250000,29.86,地下四樓
RPWNMLLLMHHGFAD77DA,坡道平面,950000,36.36,地下三樓
RPXNMLLLMHHGFAD87DA,坡道平面,1000000,36.36,地下二樓
RPTPMLTLMHHGFHD56DA,一樓平面,800000,15.09,一樓
RPXSMLRJNHHGFBD98DA,一樓平面,1100000,14.97,一樓
RPTTMLRJNHHGFBD68DA,一樓平面,1100000,14.97,一樓
RPUNMLMKNHHGFBD77DA,坡道平面,1400000,23.61,地下二樓
RPOQMLQKNHHGFAD77DA,坡道平面,950000,36.36,地下三樓
RPPOMLMKNHHGFBD37DA,坡道機械,0,14.15,地下三樓
RPPOMLMKNHHGFBD37DA,坡道機械,0,14.15,地下三樓
RPTPMLRKNHHGFKD66DA,一樓平面,1100000,14.99,一樓
RPQRMLTKNHHGFBD48DA,坡道平面,1200000,30.18,地下二樓
RPOTMLOLNHHGFBD08DA,一樓平面,1150000,14.97,一樓
RPUOMLSKNHHGFBD48DA,坡道平面,1400000,23.61,地下二樓
RPROMLKLNHHGFID18DA,一樓平面,950000,13.82,一樓
RPQOMLKLNHHGFID08DA,一樓平面,950000,13.82,一樓
RPRRMLTKNHHGFBD58DA,坡道平面,1200000,30.18,地下二樓
RPTOMLTLMHHGFID56DA,升降機械,800000,11.57,一樓
RPRQMLMJOHHGFBD77DA,坡道平面,1200000,30.18,地下二樓
RPXOMLSJLHHGFHD09DA,一樓平面,950000,15.09,一樓
RPTOMLKKJHHGFAD07DA,坡道機械,1050000,24.50,地下四樓
RPVNMLRJJHHGFAD77DA,坡道機械,1000000,24.50,地下四樓
RPSVMLLKJHHGFAD77DA,坡道機械,1050000,24.50,地下四樓
RPSNMLMLKHHGFBD37DA,坡道平面,1450000,24.69,地下一樓
RPORMLSLJHHGFAD77DA,坡道平面,1550000,32.44,地下三樓
RPXNMLRJJHHGFAD97DA,坡道機械,1000000,24.50,地下四樓
RPURMLSLJHHGFAD38DA,坡道平面,1550000,32.44,地下三樓
RPPNMLMLLHHGFHD77DA,一樓平面,800000,15.09,一樓
RPRNMLTLLHHGFGD58DA,一樓平面,800000,20.30,一樓
RPOOMLTLLHHGFGD38DA,一樓平面,800000,20.30,一樓
RPRQMLTLLHHGFGD88DA,一樓平面,800000,20.30,一樓
RPOQMLTLLHHGFGD58DA,一樓平面,800000,20.30,一樓
RPSQMLTLLHHGFGD98DA,一樓平面,800000,20.30,一樓
RPQRMLLJMHHGFBD47DA,坡道平面,1200000,23.61,地下二樓
RPRNMLKMLHHGFAD17DA,坡道平面,1650000,32.44,地下二樓
RPUNMLTJMHHGFBD28DA,坡道平面,1100000,30.18,地下三樓
RPQOMLSKMHHGFHD58DA,一樓平面,950000,15.09,一樓
RPTOMLTJMHHGFBD28DA,坡道平面,1100000,30.18,地下三樓
RPROMLSKMHHGFHD68DA,一樓平面,950000,15.09,一樓
RPVOMLNKMHHGFHD58DA,一樓平面,800000,15.09,一樓
RPSOMLNKMHHGFHD28DA,一樓平面,800000,15.09,一樓
RPRNMLPLMHHGFID48DA,一樓平面,950000,13.82,一樓
RPVOMLSKMHHGFHD09DA,一樓平面,800000,15.09,一樓
RPVOMLSKMHHGFBD48DA,一樓平面,1150000,14.97,一樓
RPXOMLTLMHHGFHD86DA,一樓平面,800000,15.09,一樓
RPWOMLMJNHHGFBD97DA,坡道平面,1300000,30.18,地下一樓
RPROMLMKNHHGFHD18DA,一樓平面,800000,15.09,一樓
RPTNMLMJNHHGFBD57DA,坡道平面,1200000,29.08,地下一樓
RPUNMLQKNHHGFHD78DA,一樓平面,750000,15.09,一樓
RPUOMLQKNHHGFHD88DA,一樓平面,950000,15.09,一樓
RPROMLQKNHHGFHD58DA,一樓平面,800000,15.09,一樓
RPXOMLKMNHHGFHD78DA,一樓平面,800000,15.09,一樓
RPUOMLLMNHHGFID68DA,一樓平面,1050000,13.96,一樓
RPVNMLTLMHHGFID66DA,升降機械,800000,11.57,一樓
RPPPMLKKJHHGFAD76DA,坡道機械,950000,24.50,地下四樓
RPUOMLQJJHHGFBD77DA,坡道平面,1400000,24.69,地下二樓
RPWNMLRJLHHGFBD18DA,坡道平面,1450000,24.69,地下一樓
RPXPMLPJJHHGFAD97DA,坡道平面,1550000,32.44,地下三樓
RPQNMLMKJHHGFAD86DA,坡道平面,1650000,32.44,地下二樓
RPUOMLNJJHHGFAD37DA,坡道平面,1550000,32.44,地下三樓
RPXOMLKKJHHGFAD47DA,坡道機械,950000,24.50,地下四樓
RPVOMLQJJHHGFAD77DA,坡道機械,1050000,24.50,地下四樓
RPXOMLQJJHHGFAD97DA,坡道平面,1350000,32.44,地下四樓
RPUUMLLKJHHGFAD87DA,坡道平面,1650000,32.44,地下二樓
RPRTMLLKJHHGFAD47DA,坡道機械,950000,24.50,地下四樓
RPSQMLSLJHHGFAD08DA,坡道機械,1000000,24.50,地下四樓
RPQNMLRJKHHGFAD37DA,坡道機械,1050000,24.50,地下四樓
RPPPMLNJJHHGFAD96DA,坡道平面,1650000,32.44,地下二樓
RPSOMLOKLHHGFBD67DA,坡道平面,1450000,24.69,地下一樓
RPUNMLMLLHHGFHD28DA,一樓平面,850000,15.09,一樓
RPVNMLMLLHHGFHD38DA,一樓平面,850000,15.09,一樓
RPPNMLPJMHHGFCD47DA,一樓平面,1300000,17.39,一樓
RPQNMLPJMHHGFCD57DA,一樓平面,1400000,24.20,一樓
RPUOMLQJJHHGFAD67DA,坡道機械,1050000,24.50,地下四樓
RPOUMLLKJHHGFAD27DA,坡道平面,1650000,32.44,地下二樓
RPSOMLQJJHHGFAD47DA,坡道機械,1000000,24.50,地下四樓
RPVNMLLMLHHGFHD38DA,一樓平面,800000,15.09,一樓
RPUNMLKKMHHGFBD47DA,一樓平面,1150000,14.97,一樓
RPXOMLLMLHHGFHD68DA,一樓平面,800000,15.09,一樓
RPSNMLLMLHHGFHD08DA,一樓平面,800000,15.09,一樓
RPUOMLSKMHHGFBD38DA,一樓平面,1150000,14.97,一樓
RPUPMLKLMHHGFCD87DA,一樓平面,1300000,17.39,一樓
RPSPMLSKMHHGFBD28DA,一樓平面,1150000,14.97,一樓
RPQPMLSKMHHGFBD08DA,一樓平面,1100000,14.97,一樓
RPVOMLKKMHHGFCD77DA,一樓平面,1100000,14.92,一樓
RPVOMLTLMHHGFHD66DA,一樓平面,800000,15.09,一樓
RPRTMLSLMHHGFBD68DA,坡道平面,1100000,24.38,地下一樓
RPXQMLSLMHHGFBD98DA,坡道平面,1050000,24.39,地下二樓
RPWOMLKKMHHGFCD87DA,一樓平面,1100000,14.92,一樓
RPQOMLKKMHHGFCD27DA,一樓平面,1100000,14.92,一樓
RPOPMLRKNHHGFKD78DA,一樓平面,1300000,18.93,一樓
RPROMLKKMHHGFCD37DA,一樓平面,1200000,14.98,一樓
RPOOMLKKMHHGFCD07DA,一樓平面,1100000,14.92,一樓
RPPOMLMJNHHGFBD27DA,坡道平面,1200000,29.08,地下一樓
RPVOMLSKNHHGFCD68DA,一樓平面,1100000,14.92,一樓
RPPNMLTKNHHGFBD97DA,坡道平面,0,23.61,地下二樓
RPPNMLTKNHHGFBD97DA,坡道機械,0,14.15,地下三樓
RPRNMLKKMHHGFCD27DA,一樓平面,1100000,14.92,一樓
RPXNMLNKNHHGFHD78DA,一樓平面,800000,15.09,一樓
RPQNMLNKNHHGFHD08DA,一樓平面,950000,15.09,一樓
RPRNMLOLNHHGFBD77DA,一樓平面,1150000,14.97,一樓
RPUNMLNLNHHGFCD08DA,一樓平面,1350000,22.94,一樓
RPPNMLRLNHHGFID58DA,一樓平面,950000,13.82,一樓
RPOPMLMLLHHGFCD37DA,其他,700000,9.07,一樓
RPROMLMLLHHGFHD08DA,一樓平面,700000,15.09,一樓
RPOPMLNLLHHGFBD37DA,一樓平面,1150000,14.97,一樓
RPPOMLTJMHHGFBD87DA,坡道平面,1300000,30.18,地下一樓
RPTOMLSKMHHGFBD28DA,一樓平面,1100000,14.97,一樓
RPPPMLSKMHHGFBD97DA,一樓平面,1100000,14.97,一樓
RPTPMLKLMHHGFCD77DA,其他,700000,9.07,一樓
RPUNMLKMMHHGFBD67DA,坡道平面,1100000,30.18,地下三樓
RPSPMLTLMHHGFHD09DA,一樓平面,700000,15.09,一樓
RPRSMLRJNHHGFBD38DA,一樓平面,1150000,14.97,一樓
RPQQMLSLMHHGFBD28DA,坡道平面,1050000,24.39,地下一樓
RPWNMLMJNHHGFBD87DA,坡道平面,1200000,30.18,地下二樓
RPQOMLMJNHHGFBD37DA,坡道平面,1300000,30.18,地下一樓
RPQPMLRJNHHGFBD97DA,坡道平面,1300000,30.18,地下一樓
RPSPMLRKNHHGFKD56DA,一樓平面,1200000,15.78,一樓
RPXOMLMJNHHGFBD08DA,坡道平面,1200000,30.18,地下二樓
RPTNMLNKNHHGFHD38DA,一樓平面,850000,15.09,一樓
RPUNMLNKNHHGFHD48DA,一樓平面,850000,15.09,一樓
RPVSMLTKNHHGFBD09DA,坡道平面,1200000,30.18,地下二樓
RPTNMLNLNHHGFCD97DA,一樓平面,1350000,22.94,一樓
RPVRMLMKNHHGFBD28DA,坡道平面,1050000,24.39,地下二樓
RPWNMLKLNHHGFCD97DA,坡道平面,1500000,23.59,地下二樓
RPPNMLLMNHHGFCD47DA,一樓平面,1100000,14.92,一樓
RPWOMLLMNHHGFID88DA,一樓平面,1050000,7.84,一樓
RPRNMLKMNHHGFCD57DA,坡道平面,1500000,23.59,地下二樓
RPVNMLKLJHHGFBD37DA,坡道平面,1400000,24.69,地下二樓
RPVNMLLKLHHGFBD57DA,一樓平面,700000,14.97,一樓
RPWNMLMLLHHGFHD48DA,一樓平面,700000,15.09,一樓
RPRPMLTLLHHGFBD28DA,坡道平面,1200000,30.18,地下二樓
RPXNMLMJMHHGFCD97DA,一樓平面,1300000,17.39,一樓
RPROMLLMLHHGFHD08DA,一樓平面,700000,15.09,一樓
RPVNMLPJMHHGFCD08DA,其他,700000,9.07,一樓
RPSNMLNKMHHGFAD47DA,其他,900000,12.05,一樓
RPRNMLNKMHHGFAD37DA,一樓平面,1400000,20.66,一樓
RPTNMLNKMHHGFAD57DA,其他,900000,12.05,一樓
RPUNMLNKMHHGFAD67DA,其他,700000,12.05,一樓
RPQOMLMKMHHGFBD47EA,一樓平面,1150000,14.97,一樓
RPWOMLNKMHHGFHD68DA,一樓平面,850000,15.09,一樓
RPWOMLLLLHHGFBD87DA,坡道平面,1400000,24.69,地下二樓
RPQOMLTLMHHGFHD78DA,一樓平面,700000,15.09,一樓
RPSOMLSKMHHGFBD18DA,一樓平面,1100000,14.97,一樓
RPWPMLKLMHHGFCD08DA,一樓平面,1300000,17.39,一樓
RPOOMLQJNHHGFKD48DA,一樓平面,1200000,15.78,一樓
RPTPMLPJNHHGFID78DA,一樓平面,950000,13.82,一樓
RPWNMLNKNHHGFKD98DA,一樓平面,1200000,15.78,一樓
RPUNMLMJNHHGFBD67DA,坡道平面,1200000,30.18,地下二樓
RPVOMLRKNHHGFKD76DA,一樓平面,1200000,15.78,一樓
RPSOMLRKNHHGFKD09DA,一樓平面,1200000,15.78,一樓
RPPPMLRKNHHGFKD88DA,一樓平面,1100000,14.99,一樓
RPUOMLRKNHHGFKD66DA,一樓平面,1200000,15.78,一樓
RPTOMLRKNHHGFKD56DA,一樓平面,1200000,15.78,一樓
RPXOMLRKNHHGFKD96DA,一樓平面,1200000,15.78,一樓
RPXNMLOLNHHGFAD28DA,其他,900000,12.05,一樓
RPPRMLTKNHHGFBD38DA,坡道平面,1300000,30.18,地下一樓
RPXRMLTKNHHGFBD56DA,坡道平面,1300000,30.18,地下一樓
RPURMLTKNHHGFBD88DA,坡道平面,1300000,30.18,地下一樓
RPPNMLOLNHHGFBD57DA,一樓平面,1150000,14.97,一樓
RPTPMLMLKHHGFID48EA,一樓平面,950000,13.82,一樓
RPRNMLKLNHHGFCD47DA,坡道平面,1500000,23.59,地下二樓
RPQNMLOLNHHGFBD67DA,一樓平面,1150000,14.97,一樓
RPUNMLOLNHHGFBD08DA,一樓平面,1150000,14.97,一樓
RPOOMLOLNHHGFAD47DA,其他,900000,12.05,一樓
RPPOMLKLNHHGFID97DA,一樓平面,950000,13.82,一樓
RPROMLQLNHHGFAD97DA,坡道平面,1400000,29.86,地下三樓
RPSOMLKLNHHGFID28DA,一樓平面,950000,13.82,一樓
RPUNMLRLNHHGFBD38DA,坡道平面,1300000,30.18,地下一樓
RPRQMLKMNHHGFCD87DA,一樓平面,1300000,17.39,一樓
RPSNMLKLNHHGFCD57DA,坡道平面,1500000,23.59,地下二樓
RPSOMLQKNHHGFHD68DA,一樓平面,700000,15.09,一樓
RPQOMLPJLHHGFHD08DA,坡道平面,950000,31.73,地下二樓
RPOOMLPJLHHGFHD87DA,坡道平面,950000,31.73,地下二樓
RPRNMLMLKHHGFBD27DA,坡道平面,1450000,24.69,地下一樓
RPROMLOKLHHGFBD57DA,坡道平面,1400000,24.69,地下二樓
RPQOMLOKLHHGFBD47DA,坡道平面,1400000,24.69,地下二樓
RPPNMLKKJHHGFBD66DA,坡道平面,1400000,24.69,地下二樓
RPTNMLMLKHHGFBD47DA,坡道平面,1400000,24.69,地下二樓
RPXOMLOKLHHGFBD18DA,坡道平面,1400000,24.69,地下二樓
RPSOMLMLLHHGFHD18DA,一樓平面,850000,15.09,一樓
RPXOMLLLLHHGFBD97DA,坡道平面,1450000,24.69,地下一樓
RPUOMLMJMHHGFCD77DA,其他,750000,9.07,一樓
RPTOMLMJMHHGFCD67DA,一樓平面,1300000,17.39,一樓
RPTNMLMJMHHGFCD57DA,其他,800000,9.07,一樓
RPQPMLTLLHHGFBD18DA,坡道平面,1200000,30.18,地下二樓
RPTOMLOKLHHGFBD77DA,坡道平面,1400000,24.69,地下二樓
RPOSMLQJMHHGFCD97DA,其他,700000,9.07,一樓
RPVPMLSKMHHGFCD68DA,其他,750000,9.07,一樓
RPVOMLOKLHHGFBD97DA,坡道平面,1400000,24.69,地下二樓
RPWNMLNKMHHGFKD88DA,坡道平面,1500000,36.71,地下一樓
RPWNMLNKMHHGFKD88DA,坡道平面,1500000,36.71,地下一樓
RPPPMLTJMHHGFBD97DA,坡道平面,1100000,30.18,地下三樓
RPVOMLTKMHHGFBD58DA,坡道平面,0,23.61,地下一樓
RPVOMLTKMHHGFBD58DA,坡道平面,0,23.61,地下二樓
RPPNMLNLMHHGFCD47DA,一樓平面,1300000,17.39,一樓
RPTOMLSLMHHGFAD28DA,坡道平面,1500000,29.86,地下二樓
RPTSMLSLMHHGFBD78DA,坡道平面,1050000,24.39,地下一樓
RPQNMLOJNHHGFCD57DA,其他,700000,9.07,一樓
RPROMLMJNHHGFBD47DA,坡道平面,1100000,30.18,地下三樓
RPQNMLRJNHHGFBD77DA,坡道平面,1100000,30.18,地下三樓
RPOQMLTKNHHGFBD18DA,坡道平面,1300000,30.18,地下一樓
RPVNMLKLNHHGFCD87DA,坡道平面,1400000,23.59,地下三樓
RPWOMLSJLHHGFHD98DA,一樓平面,700000,15.09,一樓
RPXPMLOLNHHGFCD68DA,坡道平面,1500000,23.59,地下二樓
RPWNMLKLJHHGFBD47DA,坡道平面,1600000,22.97,地下一樓
RPTOMLNKLHHGFHD28DA,坡道平面,900000,27.88,地下二樓
RPXNMLMLLHHGFHD58DA,一樓平面,700000,15.09,一樓
RPTOMLMLLHHGFHD28DA,一樓平面,700000,15.09,一樓
RPRNMLQLLHHGFBD77DA,一樓平面,900000,13.75,一樓
RPQPMLOLLHHGFBD67DA,一樓平面,900000,13.75,一樓
RPSNMLPJMHHGFCD77DA,一樓平面,1300000,17.39,一樓
RPTNMLPJMHHGFCD87DA,一樓平面,1300000,17.39,一樓
RPUNMLPJMHHGFCD97DA,其他,700000,9.07,一樓
RPQNMLLMLHHGFHD87DA,一樓平面,700000,15.09,一樓
RPPOMLMJMHHGFCD27DA,其他,700000,9.07,一樓
RPQOMLPJMHHGFCD67DA,其他,700000,9.07,一樓
RPXRMLQJMHHGFCD78DA,其他,750000,9.07,一樓
RPXQMLPLLHHGFBD58DA,一樓平面,900000,13.75,一樓
RPXNMLKMMHHGFBD97DA,坡道平面,1100000,30.18,地下三樓
RPROMLTJMHHGFBD08DA,坡道平面,1100000,30.18,地下三樓
RPQNMLSLMHHGFBD97DA,一樓平面,0,24.65,一樓
RPQOMLSLMHHGFBD08DA,一樓平面,0,24.65,一樓
RPXNMLMJNHHGFBD97DA,坡道平面,0,30.18,地下三樓
RPXNMLMJNHHGFBD97DA,坡道平面,0,30.18,地下三樓
RPTOMLLKNHHGFAD57DA,坡道平面,1300000,29.86,地下四樓
RPXOMLRJNHHGFBD58DA,坡道平面,1300000,30.18,地下一樓
RPSOMLMJNHHGFBD57DA,坡道平面,1100000,30.18,地下三樓
RPSPMLPJNHHGFBD97DA,一樓平面,0,24.65,一樓
RPVNMLTKNHHGFID66DA,一樓平面,950000,13.82,一樓
RPSOMLMJMHHGFCD57DA,一樓平面,1300000,17.39,一樓
RPTQMLMJOHHGFBD97DA,坡道平面,1300000,30.18,地下一樓
RPVOMLPLMHHGFCD38DA,升降機械,250000,7.78,地下一樓
RPVPMLKLMHHGFCD97DA,其他,750000,9.07,一樓
RPOOMLKMMHHGFBD17DA,坡道平面,1300000,30.18,地下一樓
RPPSMLTKNHHGFBD48DA,坡道平面,1200000,30.18,地下二樓
RPPNMLLLMHHGFCD27DA,一樓平面,1300000,17.39,一樓
RPQSMLTKNHHGFBD58DA,坡道平面,1200000,30.18,地下二樓
RPSOMLRLNHHGFBD28DA,坡道平面,1200000,30.18,地下二樓
RPVNMLRJLHHGFBD08DA,坡道平面,1400000,24.69,地下二樓
RPSOMLTLLHHGFBD28DA,坡道平面,1100000,30.18,地下三樓
RPPPMLTLLHHGFBD08DA,坡道平面,1200000,30.18,地下二樓
RPUNMLMJMHHGFCD67DA,其他,800000,9.07,一樓
RPOOMLMJMHHGFCD17DA,一樓平面,1300000,17.39,一樓
RPSNMLNLLHHGFBD57DA,一樓平面,900000,13.75,一樓
RPWNMLPJMHHGFCD18DA,一樓平面,1300000,17.39,一樓
RPOPMLLLLHHGFBD17DA,坡道平面,1450000,24.69,地下一樓
RPQOMLMLLHHGFBD37DA,一樓平面,1000000,20.99,一樓
RPVNMLOJMHHGFCD97DA,一樓平面,1300000,17.39,一樓
RPVNMLKMMHHGFBD77DA,坡道平面,720000,30.18,地下三樓
RPQOMLKMMHHGFBD37DA,坡道平面,1300000,30.18,地下一樓
RPWNMLTLMHHGFHD66DA,一樓平面,700000,15.09,一樓
RPXNMLSLMHHGFBD68DA,一樓平面,0,24.65,一樓
RPSNMLLKNHHGFBD47DA,一樓平面,1100000,24.65,一樓
RPXQMLTKNHHGFBD09DA,坡道平面,1200000,29.08,地下一樓
RPQNMLKLNHHGFCD37DA,坡道平面,1500000,23.59,地下二樓
RPQNMLKKJHHGFBD76DA,坡道平面,1400000,24.69,地下二樓
RPTNMLRJLHHGFBD87DA,坡道平面,1400000,24.69,地下二樓
RPSPMLTJLHHGFKD09DA,坡道平面,1400000,36.71,地下二樓
RPSOMLOLKHHGFGD18DA,一樓平面,550000,20.06,一樓
RPWPMLOLLHHGFBD28DA,一樓平面,900000,13.75,一樓
RPROMLMJMHHGFCD47DA,其他,800000,9.07,一樓
RPPPMLLMLHHGFHD97DA,一樓平面,700000,15.09,一樓
RPTPMLMKMHHGFAD67DA,坡道平面,1300000,29.86,地下三樓
RPTPMLMKMHHGFAD67DA,坡道平面,1250000,29.86,地下四樓
RPSOMLMLLHHGFBD57DA,一樓平面,900000,13.75,一樓
RPTOMLMLLHHGFBD67DA,一樓平面,900000,13.75,一樓
RPOOMLPJMHHGFCD47DA,一樓平面,1300000,17.39,一樓
RPORMLPLLHHGFBD77DA,一樓平面,900000,13.75,一樓
RPVQMLPLLHHGFBD38DA,一樓平面,900000,13.75,一樓
RPWQMLPLLHHGFBD48DA,一樓平面,900000,13.75,一樓
RPVOMLKMMHHGFBD87DA,坡道平面,1100000,30.18,地下三樓
RPUNMLLKNHHGFBD67DA,一樓平面,1000000,24.65,一樓
RPOSMLTKNHHGFBD38DA,坡道平面,1300000,30.18,地下一樓
RPSNMLRLNHHGFBD18DA,坡道平面,1100000,30.18,地下三樓
RPXNMLRLNHHGFBD68DA,坡道平面,1200000,30.18,地下二樓
RPQQMLKMNHHGFCD77DA,一樓平面,1300000,17.39,一樓
RPTNMLTLLHHGFHD88DA,坡道平面,950000,27.88,地下一樓
RPUNMLNLLHHGFBD77DA,一樓平面,900000,13.75,一樓
RPSPMLOLLHHGFBD87DA,一樓平面,900000,13.75,一樓
RPVOMLLMLHHGFHD48DA,一樓平面,850000,15.09,一樓
RPTNMLNLLHHGFBD67DA,一樓平面,760000,13.75,一樓
RPUQMLPLLHHGFBD28DA,一樓平面,900000,13.75,一樓
RPWPMLNKMHHGFKD09DA,一樓平面,1200000,8.99,一樓
RPPNMLSLMHHGFBD87DA,一樓平面,0,24.65,一樓
RPTOMLKMMHHGFBD67DA,坡道平面,1100000,29.08,地下二樓
RPTOMLMJNHHGFBD67DA,坡道平面,1200000,30.18,地下二樓
RPQNMLPKNHHGFKD58DA,坡道平面,1400000,36.71,地下二樓
RPPPMLMJNHHGFBD37DA,坡道平面,1100000,30.18,地下三樓
RPVPMLPJNHHGFBD28DA,一樓平面,0,,一樓
RPUPMLPJNHHGFBD18DA,一樓平面,0,24.65,一樓
RPSSMLTKNHHGFBD78DA,坡道平面,1100000,30.18,地下三樓
RPXSMLTKNHHGFBD66DA,坡道平面,1300000,30.18,地下一樓
RPQOMLQKLHHGFKD58DA,坡道平面,1500000,36.71,地下一樓
RPSNMLTLLHHGFHD78DA,坡道平面,950000,27.88,地下一樓
RPOQMLSKLHHGFBD87DA,坡道平面,1200000,30.18,地下二樓
RPWNMLNLLHHGFBD97DA,一樓平面,900000,13.75,一樓
RPPOMLMLLHHGFBD27DA,一樓平面,900000,13.75,一樓
RPVOMLTJMHHGFBD48DA,坡道平面,1200000,30.18,地下二樓
RPOPMLTJMHHGFBD87DA,坡道平面,1100000,30.18,地下三樓
RPTNMLOJMHHGFCD77DA,其他,750000,9.07,一樓
RPSQMLPLLHHGFBD08DA,一樓平面,900000,13.75,一樓
RPUNMLOJMHHGFCD87DA,一樓平面,1000000,17.39,一樓
RPWOMLTJMHHGFBD58DA,坡道平面,1100000,30.18,地下三樓
RPTQMLPLLHHGFBD18DA,一樓平面,900000,13.75,一樓
RPUOMLSLMHHGFBD48DA,一樓平面,0,24.65,一樓
RPPOMLPJNHHGFKD48DA,坡道平面,1500000,36.71,地下一樓
RPROMLNJNHHGFKD48DA,一樓平面,1200000,8.99,一樓
RPRPMLPJNHHGFBD87DA,一樓平面,0,24.65,一樓
RPQOMLRJNHHGFBD87DA,坡道平面,1200000,30.18,地下二樓
RPPNMLKLNHHGFCD27DA,坡道平面,1400000,23.59,地下三樓
RPTNMLQJNHHGFBD97DA,一樓平面,0,24.65,一樓
RPPPMLOLNHHGFCD87DA,坡道平面,1500000,23.59,地下二樓
RPOPMLKLNHHGFCD37DA,坡道平面,1400000,23.59,地下三樓
RPUNMLRLNHHGFCD48DA,坡道平面,1400000,23.59,地下三樓
RPVNMLOLNHHGFCD28DA,坡道平面,1500000,23.59,地下二樓
RPUONLOLKHHGFHD58DA,坡道平面,950000,27.88,地下一樓
RPROMLMLLHHGFBD47DA,一樓平面,900000,13.75,一樓
RPOOMLKLMHHGFBD17EA,坡道平面,1300000,23.61,地下一樓
RPVPMLNKMHHGFKD98DA,一樓平面,1200000,8.99,一樓
RPPOMLPJMHHGFCD57DA,一樓平面,1300000,17.39,一樓
RPVQMLRLMHHGFBD68DA,坡道平面,1200000,23.80,地下二樓
RPURMLRLMHHGFBD68DA,坡道平面,1000000,23.61,地下三樓
RPORMLRLMHHGFBD08DA,坡道平面,0,23.61,地下二樓
RPORMLRLMHHGFBD08DA,坡道機械,0,14.15,地下三樓
RPRNMLKMMHHGFBD37DA,坡道平面,1100000,30.18,地下三樓
RPTOMLPKMHHGFKD88DA,一樓平面,0,,一樓
RPXOMLPJNHHGFBD38DA,坡道平面,1200000,23.61,地下二樓
RPQOMLSKNHHGFBD08DA,坡道平面,1200000,23.61,地下二樓
RPROMLRJNHHGFBD97DA,坡道平面,1200000,30.18,地下二樓
RPOPMLMJNHHGFBD27DA,坡道平面,1100000,30.18,地下三樓
RPWPMLTKNHHGFBD88DA,坡道平面,1000000,29.08,地下三樓
RPVOMLMJNHHGFBD87DA,坡道平面,1200000,30.18,地下二樓
RPQPMLSKNHHGFBD18DA,坡道機械,600000,14.15,地下三樓
RPSQMLTKNHHGFBD58DA,坡道平面,1200000,30.18,地下二樓
RPTRMLTKNHHGFBD78DA,坡道平面,1100000,30.18,地下三樓
RPQPMLKLNHHGFCD57DA,坡道平面,1400000,23.59,地下三樓
RPTNMLKLNHHGFCD67DA,坡道平面,1400000,23.59,地下三樓
RPUPMLPLNHHGFBD38DA,坡道平面,1200000,23.61,地下二樓
RPRPMLPLNHHGFBD08DA,坡道平面,1300000,23.61,地下一樓
RPUNMLKLNHHGFCD77DA,坡道平面,1500000,23.59,地下二樓
RPUQMLMJOHHGFBD08DA,坡道平面,1100000,29.08,地下二樓
RPVQMLMJOHHGFBD18DA,坡道平面,1200000,30.18,地下二樓
RPQOMLRLNHHGFCD18DA,坡道平面,1400000,23.59,地下三樓
RPTPMLTJLHHGFKD56DA,坡道平面,1400000,36.71,地下二樓
RPQNMLOLLHHGFKD38DA,坡道平面,1500000,36.71,地下一樓
RPRQMLPLLHHGFBD97DA,一樓平面,900000,13.75,一樓
RPQOMLTJMHHGFBD97DA,坡道平面,1300000,30.18,地下一樓
RPOOMLTJMHHGFBD77DA,坡道平面,1000000,29.08,地下三樓
RPXNMLNLLHHGFBD08DA,一樓平面,900000,13.75,一樓
RPXNMLSJMHHGFKD76DA,坡道平面,1400000,36.71,地下二樓
RPXNMLTJMHHGFBD58DA,坡道平面,1100000,30.18,地下三樓
RPTNMLTJMHHGFBD18DA,坡道平面,1200000,30.18,地下二樓
RPPQMLNKMHHGFKD48DA,一樓平面,1200000,8.99,一樓
RPQPMLTJMHHGFBD08DA,坡道平面,1200000,30.18,地下二樓
RPPOMLNJNHHGFKD28DA,一樓平面,1200000,8.99,一樓
RPRPMLLKNHHGFKD48DA,坡道平面,1500000,36.71,地下一樓
RPWPMLRJNHHGFBD58DA,坡道平面,1300000,30.18,地下一樓
RPOPMLRJNHHGFBD77DA,坡道平面,1000000,29.08,地下三樓
RPVRMLTKNHHGFBD98DA,坡道平面,1000000,29.08,地下三樓
RPXPMLRJNHHGFBD68DA,坡道平面,1100000,30.18,地下三樓
RPROMLRLNHHGFBD18DA,坡道平面,1300000,30.18,地下一樓
RPRNMLLJOHHGFBD37DA,坡道機械,600000,14.15,地下三樓
RPROMLLJOHHGFBD47DA,坡道平面,0,23.61,地下二樓
RPROMLLJOHHGFBD47DA,坡道機械,0,14.15,地下三樓
RPWPMLTLLHHGFBD78DA,坡道平面,1100000,30.18,地下三樓
RPUOMLLKMHHGFKD58DA,一樓平面,0,,一樓
RPXOMLTJMHHGFBD68DA,坡道平面,1200000,29.08,地下一樓
RPSOMLTJMHHGFBD18DA,坡道平面,1100000,29.08,地下二樓
RPWOMLLKMHHGFKD78DA,一樓平面,0,,一樓
RPSNMLSLMHHGFBD18DA,坡道平面,1200000,23.61,地下二樓
RPSNMLKMMHHGFBD47DA,坡道平面,1200000,30.18,地下二樓
RPUOMLLKNHHGFAD67DA,坡道平面,1400000,29.86,地下二樓
RPUOMLLKNHHGFAD67DA,坡道平面,1400000,29.86,地下二樓
RPSNMLPJNHHGFBD77DA,坡道平面,600000,14.15,地下三樓
RPOOMLMKNHHGFBD27DA,坡道平面,1300000,23.61,地下一樓
RPWRMLTKNHHGFBD09DA,坡道平面,1200000,30.18,地下二樓
RPXNMLRJNHHGFBD48DA,坡道平面,980000,24.39,地下三樓
RPOOMLMJNHHGFBD17DA,坡道平面,1200000,30.18,地下二樓
RPWOMLPLNHHGFBD48DA,坡道機械,600000,14.15,地下三樓
RPQRMLQKNHHGFBD18DA,坡道平面,1050000,25.77,地下一樓
RPSPMLPLNHHGFBD18DA,坡道平面,1200000,23.61,地下二樓
RPTRMLRJNHHGFBD48DA,坡道機械,530000,17.47,地下三樓
RPTRMLRJNHHGFBD48DA,坡道機械,430000,17.47,地下三樓
RPUOMLTLLHHGFBD48DA,坡道平面,1200000,30.18,地下二樓
RPURMLRJNHHGFBD58DA,坡道平面,1080000,24.39,地下一樓
RPTQMLLJMHHGFBD67DA,坡道平面,1200000,23.61,地下二樓
RPORMLLJMHHGFBD27DA,坡道機械,600000,14.15,地下三樓
RPROMLMKMHHGFAD37DA,坡道平面,1200000,29.86,地下四樓
RPQPMLMKMHHGFAD37DA,坡道平面,1200000,29.86,地下四樓
RPQPMLMKMHHGFAD37DA,坡道平面,1200000,29.86,地下四樓
RPWOMLMKMHHGFAD87DA,坡道平面,1300000,29.86,地下三樓
RPXOMLMKMHHGFAD97DA,坡道平面,1200000,29.86,地下四樓
RPXOMLMKMHHGFAD97DA,坡道平面,1200000,29.86,地下四樓
RPOQMLNKMHHGFKD38DA,一樓平面,1200000,8.99,一樓
RPQQMLNKMHHGFKD58DA,一樓平面,1200000,8.99,一樓
RPROMLKMMHHGFBD47DA,坡道平面,1100000,30.18,地下三樓
RPSRMLRLMHHGFBD48DA,坡道機械,1200000,23.61,地下二樓
RPPOMLTKMHHGFBD97DA,坡道平面,1100000,23.61,地下二樓
RPUOMLKMMHHGFBD77DA,坡道平面,1300000,30.18,地下一樓
RPVSMLSLMHHGFBD98DA,坡道平面,1030000,24.39,地下二樓
RPRNMLMKNHHGFBD47DA,坡道平面,1200000,23.61,地下一樓
RPPOMLPJNHHGFBD57DA,坡道平面,0,23.61,地下二樓
RPPOMLPJNHHGFBD57DA,坡道平面,0,23.61,地下二樓
RPTTMLSLMHHGFBD88DA,坡道平面,1030000,24.39,地下二樓
RPOVMLSLMHHGFBD58DA,坡道平面,1080000,24.39,地下一樓
RPORMLSLMHHGFBD18DA,坡道平面,1030000,24.39,地下二樓
RPSVMLSLMHHGFBD98DA,坡道平面,1030000,24.39,地下二樓
RPVNMLMKNHHGFBD87DA,坡道平面,1200000,23.61,地下二樓
RPTVMLSLMHHGFBD09DA,坡道平面,1030000,24.39,地下二樓
RPPRMLSLMHHGFBD28DA,坡道平面,1030000,24.39,地下二樓
RPTPMLRJNHHGFBD28DA,坡道平面,1100000,30.18,地下三樓
RPRPMLRJNHHGFBD08DA,坡道平面,1200000,30.18,地下二樓
RPPPMLRJNHHGFBD87DA,坡道平面,1200000,30.18,地下二樓
RPSOMLSKNHHGFBD28DA,坡道平面,1200000,23.61,地下二樓
RPXOMLSKNHHGFBD78DA,坡道平面,1200000,23.61,地下二樓
RPROMLQLMHHGFBD97DA,坡道平面,1330000,25.44,地下一樓
RPXRMLRLMHHGFBD98DA,坡道平面,1330000,25.44,地下一樓
RPVPMLTKNHHGFBD78DA,坡道平面,0,30.18,地下一樓
RPVPMLTKNHHGFBD78DA,坡道平面,0,29.08,地下一樓
RPPPMLRLMHHGFBD97DA,坡道平面,1360000,25.44,地下一樓
RPOTMLTKNHHGFBD48DA,坡道平面,1200000,30.18,地下二樓
RPRRMLQKNHHGFBD28DA,坡道平面,1030000,24.39,地下二樓
RPVOMLQKNHHGFBD38DA,坡道平面,980000,24.39,地下三樓
RPUNMLLJOHHGFBD67DA,坡道機械,600000,14.15,地下三樓
RPVONLOLKHHGFHD68DA,坡道平面,900000,27.88,地下二樓
RPVONLOLKHHGFHD68DA,坡道平面,900000,27.88,地下二樓
RPQOMLTLLHHGFBD08DA,坡道平面,1300000,30.18,地下一樓
RPROMLTLLHHGFBD18DA,坡道平面,1100000,30.18,地下三樓
RPOPMLTLLHHGFBD97DA,坡道平面,1100000,30.18,地下三樓
RPRNMLOKMHHGFDD77DA,坡道平面,800000,29.14,地下二樓
RPRNMLOKMHHGFDD77DA,坡道平面,800000,29.14,地下二樓
RPRQMLKMLHHGFBD57DA,坡道平面,1360000,25.44,地下一樓
RPUQMLSLLHHGFBD58DA,坡道平面,1310000,25.44,地下一樓
RPWQMLSLLHHGFBD78DA,坡道平面,1310000,25.44,地下一樓
RPVQMLSLLHHGFBD68DA,坡道平面,1330000,25.44,地下一樓
RPPPMLTKMHHGFBD08DA,坡道平面,1100000,23.61,地下二樓
RPXQMLRLMHHGFBD88DA,坡道平面,1000000,23.80,地下三樓
RPWSMLSLMHHGFBD09DA,坡道平面,980000,24.39,地下三樓
RPXTMLSLMHHGFBD66DA,坡道平面,1050000,24.39,地下一樓
RPXNNLSLMHHGFBD78DA,坡道平面,1000000,24.39,地下二樓
RPPUMLSLMHHGFBD58DA,坡道平面,1050000,24.39,地下一樓
RPRVMLSLMHHGFBD88DA,坡道平面,1000000,24.39,地下二樓
RPQUMLSLMHHGFBD68DA,坡道平面,1050000,24.39,地下一樓
RPVRMLSLMHHGFBD88DA,坡道平面,1000000,24.39,地下二樓
RPSPMLRJNHHGFBD18DA,坡道平面,1100000,30.18,地下三樓
RPURMLSLMHHGFBD78DA,坡道平面,980000,24.39,地下三樓
RPVPMLRJNHHGFBD48DA,坡道平面,1100000,29.08,地下二樓
RPSPMLMJNHHGFBD67DA,坡道平面,1200000,30.18,地下二樓
RPUQMLPJNHHGFBD28DA,坡道平面,1360000,25.44,地下一樓
RPTRMLNJNHHGFBD08DA,坡道平面,1360000,25.44,地下一樓
RPUOMLTLMHHGFBD58DA,坡道平面,1120000,25.44,地下二樓
RPVRMLRLMHHGFBD78DA,坡道平面,1320000,25.44,地下一樓
RPTSMLRLMHHGFBD68DA,坡道平面,1330000,25.44,地下一樓
RPSPMLQLMHHGFBD18DA,坡道平面,1360000,25.44,地下一樓
RPQNMLTJNHHGFBD97DA,坡道平面,1310000,25.44,地下一樓
RPPQMLTKNHHGFBD28DA,坡道平面,1100000,30.18,地下三樓
RPSRMLTKNHHGFBD68DA,坡道平面,1000000,29.08,地下三樓
RPUOMLRKNHHGFBD38DA,坡道平面,400000,18.85,地下三樓
RPVOMLRKNHHGFBD48DA,坡道平面,1000000,24.39,地下二樓
RPXRMLRJNHHGFBD88DA,坡道機械,500000,17.47,地下三樓
RPXRMLRJNHHGFBD88DA,坡道機械,400000,17.47,地下三樓
RPPRMLMKNHHGFBD67DA,坡道平面,1050000,24.39,地下一樓
RPPRMLMKNHHGFBD67DA,坡道機械,400000,18.85,地下三樓
RPORMLOLNHHGFBD87DA,坡道平面,1030000,24.39,地下二樓
RPVRMLRJNHHGFBD68DA,坡道平面,1050000,24.39,地下一樓
RPVRMLRJNHHGFBD68DA,坡道平面,1050000,24.39,地下一樓
RPOOMLLJOHHGFBD17DA,坡道機械,550000,14.15,地下三樓
RPURMLNJNHHGFBD18DA,坡道平面,1360000,25.44,地下一樓
RPPNMLLJOHHGFBD17DA,坡道平面,1200000,23.61,地下一樓
RPTPMLTJNHHGFBD48DA,坡道平面,1050000,23.43,地下一樓
RPPQMLSKLHHGFBD97DA,坡道平面,1100000,30.18,地下三樓
RPQRMLTLLHHGFBD38DA,坡道平面,1120000,25.44,地下二樓
RPXOMLTLLHHGFBD78DA,坡道平面,1100000,29.08,地下二樓
RPSPMLTLLHHGFBD38DA,坡道平面,1200000,30.18,地下二樓
RPSQMLSLLHHGFBD38DA,坡道平面,1270000,23.43,地下一樓
RPRRMLTLLHHGFBD48DA,坡道平面,1360000,25.44,地下一樓
RPSSMLSLLHHGFBD58DA,坡道平面,1130000,25.44,地下二樓
RPRRMLSLLHHGFBD38DA,坡道平面,1110000,25.44,地下二樓
RPVSMLSLLHHGFBD88DA,坡道平面,1260000,25.44,地下一樓
RPTPMLSLLHHGFBD38DA,坡道平面,1290000,23.43,地下一樓
RPUSMLSLLHHGFBD78DA,坡道平面,1310000,25.44,地下一樓
RPSUMLTLLHHGFBD88DA,坡道平面,1210000,25.44,地下二樓
RPVOMLSLLHHGFBD48DA,坡道平面,1130000,25.44,地下二樓
RPTQMLTLLHHGFBD58DA,坡道平面,1080000,23.43,地下二樓
RPRNMLTJMHHGFBD97DA,坡道平面,1200000,30.18,地下二樓
RPWNMLTJMHHGFBD48DA,坡道平面,1200000,30.18,地下二樓
RPWNMLKMMHHGFBD87DA,坡道平面,1100000,30.18,地下三樓
RPROMLTKMHHGFBD18DA,坡道平面,1280000,25.44,地下一樓
RPPOMLKMMHHGFBD27DA,坡道平面,1100000,29.08,地下二樓
RPRNMLPJNHHGFBD67DA,坡道平面,1100000,23.61,地下二樓
RPUNMLPJNHHGFBD97DA,坡道平面,1100000,23.61,地下二樓
RPWNMLPJNHHGFBD18DA,坡道平面,1100000,23.61,地下二樓
RPQPMLLKNHHGFAD37DA,坡道平面,1200000,29.86,地下四樓
RPSOMLPJNHHGFBD87DA,坡道平面,1100000,23.61,地下二樓
RPWUMLSLMHHGFBD66DA,坡道機械,400000,18.85,地下三樓
RPPWMLSLMHHGFBD78DA,坡道平面,1050000,24.39,地下一樓
RPOWMLSLMHHGFBD68DA,坡道機械,400000,18.51,地下三樓
RPQVMLSLMHHGFBD78DA,坡道平面,1050000,24.39,地下一樓
RPWRMLSLMHHGFBD98DA,坡道平面,1050000,24.39,地下一樓
RPVOMLRJNHHGFBD38DA,坡道平面,1200000,30.18,地下二樓
RPVNMLMJNHHGFBD77DA,坡道平面,1100000,30.18,地下三樓
RPXQMLNJNHHGFBD38DA,坡道平面,1260000,25.44,地下二樓
RPVQMLPJNHHGFBD38DA,坡道平面,1260000,25.44,地下二樓
RPVOMLQJNHHGFBD28DA,坡道平面,1210000,25.44,地下二樓
RPTOMLTLMHHGFBD48DA,坡道平面,1330000,25.44,地下一樓
RPWOMLTLMHHGFBD78DA,坡道平面,1070000,23.43,地下二樓
RPSPMLTLMHHGFBD48DA,坡道平面,1120000,25.44,地下二樓
RPTQMLRLMHHGFBD48DA,坡道平面,1130000,25.44,地下二樓
RPWRMLRLMHHGFBD88DA,坡道平面,950000,25.44,地下二樓
RPXPMLRLMHHGFBD78DA,坡道平面,1220000,25.44,地下二樓
RPOSMLRLMHHGFBD18DA,坡道平面,1100000,25.44,地下二樓
RPPSMLRLMHHGFBD28DA,坡道平面,1040000,25.44,地下二樓
RPPRMLRLMHHGFBD18DA,坡道平面,1310000,25.44,地下一樓
RPQPMLRLMHHGFBD08DA,坡道平面,1320000,25.44,地下一樓
RPQQMLQLMHHGFBD08DA,坡道平面,1270000,23.43,地下一樓
RPRRMLQLMHHGFBD28DA,坡道平面,930000,25.44,地下一樓
RPUPMLRLMHHGFBD48DA,坡道平面,1320000,25.44,地下一樓
RPXOMLQLMHHGFBD58DA,坡道平面,1210000,25.44,地下二樓
RPPPMLQLMHHGFBD87DA,坡道平面,1310000,25.44,地下一樓
RPPOMLQLMHHGFBD77DA,坡道平面,1250000,25.44,地下二樓
RPWPMLSLMHHGFBD78DA,坡道平面,1200000,25.44,地下二樓
RPSSMLRLMHHGFBD58DA,坡道平面,950000,25.44,地下二樓
RPPNMLTJNHHGFBD87DA,坡道平面,1190000,25.44,地下一樓
RPWSMLTKNHHGFBD56DA,坡道平面,1100000,29.08,地下二樓
RPQPMLPLNHHGFBD97DA,坡道機械,650000,14.15,地下三樓
RPORMLQKNHHGFBD97DA,坡道平面,1000000,24.39,地下二樓
RPURMLMKNHHGFBD18DA,坡道平面,1000000,24.39,地下二樓
RPSRMLQKNHHGFBD38DA,坡道平面,1000000,24.39,地下二樓
RPWNMLRLNHHGFBD58DA,坡道平面,1200000,29.08,地下一樓
RPSNNLSLMHHGFBD28DA,坡道平面,1000000,24.39,地下二樓
RPSRMLQLMHHGFBD38DA,坡道平面,1220000,25.44,地下二樓
RPVRMLQLMHHGFBD68DA,坡道平面,1000000,25.44,地下二樓
RPSQMLQLMHHGFBD28DA,坡道平面,1230000,25.44,地下二樓
RPPPMLTJNHHGFBD08DA,坡道平面,1050000,25.44,地下一樓
RPVSMLRLMHHGFBD88DA,坡道平面,1260000,25.44,地下二樓
RPTNMLTLNHHGFBD48DA,坡道平面,1270000,23.43,地下一樓
RPSOMLLJOHHGFBD57DA,坡道平面,0,23.61,地下三樓
RPSOMLLJOHHGFBD57DA,坡道機械,0,14.15,地下三樓
RPPQMLMJOHHGFBD57DA,坡道平面,1200000,29.08,地下一樓
RPQPMLTKNHHGFBD28DA,坡道平面,1330000,25.44,地下一樓
RPVPMLTLLHHGFBD68DA,坡道平面,1300000,30.18,地下一樓
RPWRMLTLLHHGFBD98DA,坡道平面,1160000,25.44,地下二樓
RPQSMLTLLHHGFBD48DA,坡道平面,1160000,25.44,地下二樓
RPPPMLSLLHHGFBD97DA,坡道平面,1160000,25.44,地下二樓
RPRQMLTLLHHGFBD38DA,坡道平面,1130000,25.44,地下二樓
RPXRMLTLLHHGFBD09DA,坡道平面,1050000,25.44,地下一樓
RPRSMLTLLHHGFBD58DA,坡道平面,1040000,25.44,地下二樓
RPUQMLTLLHHGFBD68DA,坡道平面,1080000,25.44,地下二樓
RPWQMLTLLHHGFBD88DA,坡道平面,1100000,25.44,地下一樓
RPUPMLSLLHHGFBD48DA,坡道平面,1050000,25.44,地下二樓
RPOUMLTLLHHGFBD48DA,坡道平面,1210000,25.44,地下一樓
RPVPMLSLLHHGFBD58DA,坡道平面,1130000,25.44,地下二樓
RPORMLTLLHHGFBD18DA,坡道平面,1160000,25.44,地下一樓
RPRQMLSLLHHGFBD28DA,坡道平面,1130000,25.44,地下二樓
RPSRMLSLLHHGFBD48DA,坡道平面,1110000,25.44,地下二樓
RPWPMLSLLHHGFBD68DA,坡道平面,1100000,25.44,地下一樓
RPPRMLSLLHHGFBD18DA,坡道平面,1020000,25.44,地下二樓
RPWUMLTLLHHGFBD66DA,坡道平面,1160000,25.44,地下二樓
RPQNMLLMLHHGFBD27DA,坡道平面,1020000,23.43,地下二樓
RPSNMLMKMHHGFBD47DA,坡道機械,650000,14.15,地下三樓
RPQTMLTLLHHGFBD58DA,坡道平面,1160000,25.44,地下一樓
RPRNMLLMLHHGFBD37DA,坡道平面,1130000,25.44,地下二樓
RPVTMLTLLHHGFBD09DA,坡道平面,950000,23.43,地下二樓
RPPRMLTLLHHGFBD28DA,坡道平面,1230000,25.44,地下一樓
RPUPMLKMLHHGFBD77DA,坡道平面,1040000,25.44,地下二樓
RPUUMLTLLHHGFBD09DA,坡道平面,1110000,25.44,地下二樓
RPOQMLKMLHHGFBD27DA,坡道平面,1080000,25.44,地下二樓
RPPQMLKMLHHGFBD37DA,坡道平面,1110000,25.44,地下二樓
RPSQMLKMLHHGFBD67DA,坡道平面,1110000,25.44,地下二樓
RPQUMLTLLHHGFBD68DA,坡道平面,1160000,25.44,地下二樓
RPTSMLTLLHHGFBD78DA,坡道平面,1260000,25.44,地下二樓
RPTRMLSLLHHGFBD58DA,坡道平面,1210000,25.44,地下一樓
RPQRMLSLLHHGFBD28DA,坡道平面,1130000,23.43,地下一樓
RPOSMLSLLHHGFBD18DA,坡道平面,1130000,25.44,地下二樓
RPQQMLKMLHHGFBD47DA,坡道平面,1230000,25.44,地下一樓
RPQNMLTJMHHGFBD87DA,坡道平面,1100000,29.08,地下二樓
RPSNMLTJMHHGFBD08DA,坡道平面,1300000,30.18,地下一樓
RPVSMLTLLHHGFBD98DA,坡道平面,1120000,25.44,地下二樓
RPVNMLTJMHHGFBD38DA,坡道平面,1200000,30.18,地下二樓
RPUOMLTJMHHGFBD38DA,坡道平面,1100000,30.18,地下三樓
RPTUMLTLLHHGFBD98DA,坡道平面,1160000,25.44,地下二樓
RPPUMLTLLHHGFBD58DA,坡道平面,1210000,25.44,地下一樓
RPSPMLTKMHHGFBD38DA,坡道平面,1110000,25.44,地下二樓
RPWOMLSLLHHGFBD58DA,坡道平面,1080000,25.44,地下二樓
RPTNMLSLMHHGFBD28DA,坡道平面,1100000,23.61,地下二樓
RPTOMLTKMHHGFBD38DA,坡道平面,1230000,25.44,地下一樓
RPTNMLKMMHHGFBD57DA,坡道平面,1100000,29.08,地下二樓
RPQOMLPJNHHGFBD67DA,坡道平面,1100000,23.61,地下二樓
RPTNMLMKNHHGFBD67DA,坡道機械,550000,14.15,地下三樓
RPROMLPJNHHGFBD77DA,坡道平面,1100000,23.80,地下二樓
RPUSMLSLMHHGFBD88DA,坡道平面,950000,24.39,地下三樓
RPRNNLSLMHHGFBD18DA,坡道平面,1000000,24.39,地下二樓
RPSSMLSLMHHGFBD68DA,坡道平面,1000000,24.39,地下二樓
RPTUMLSLMHHGFBD98DA,坡道平面,1000000,24.39,地下二樓
RPUUMLSLMHHGFBD09DA,坡道平面,1000000,24.38,地下二樓
RPXUMLSLMHHGFBD76DA,坡道平面,950000,24.39,地下三樓
RPUOMLMJNHHGFBD77DA,坡道平面,1000000,29.08,地下三樓
RPSOMLRJNHHGFBD08DA,坡道平面,1100000,30.18,地下三樓
RPWOMLRJNHHGFBD48DA,坡道平面,1200000,30.18,地下二樓
RPPOMLRJNHHGFBD77DA,坡道平面,1000000,29.08,地下三樓
RPUSMLRJNHHGFBD68DA,坡道平面,1140000,25.44,地下一樓
RPRNMLTKNHHGFBD18DA,坡道平面,1100000,23.61,地下二樓
RPTQMLPJNHHGFBD18DA,坡道平面,1210000,25.44,地下一樓
RPUOMLQJNHHGFBD18DA,坡道平面,1160000,25.44,地下二樓
RPTOMLSKNHHGFBD38DA,坡道機械,650000,14.15,地下三樓
RPXPMLNJNHHGFBD28DA,坡道平面,1230000,25.44,地下一樓
RPPSMLNJNHHGFBD77DA,坡道平面,1050000,25.44,地下二樓
RPXSMLNJNHHGFBD58DA,坡道平面,1120000,25.44,地下二樓
RPVNMLTLMHHGFBD58DA,坡道平面,950000,23.43,地下二樓
RPROMLTLMHHGFBD28DA,坡道平面,1110000,25.44,地下二樓
RPWNMLTLMHHGFBD68DA,坡道平面,1330000,25.44,地下一樓
RPQPMLTLMHHGFBD28DA,坡道平面,1160000,25.44,地下二樓
RPRPMLTLMHHGFBD38DA,坡道平面,1220000,25.44,地下一樓
RPSQMLRLMHHGFBD38DA,坡道平面,950000,23.43,地下二樓
RPPQMLRLMHHGFBD08DA,坡道平面,1220000,25.44,地下一樓
RPTPMLTLMHHGFBD58DA,坡道平面,1160000,25.44,地下二樓
RPRPMLRLMHHGFBD18DA,坡道平面,1230000,25.44,地下一樓
RPWQMLRLMHHGFBD78DA,坡道平面,1160000,23.43,地下二樓
RPTSMLQLMHHGFBD58DA,坡道平面,1170000,23.43,地下一樓
RPSPMLRLMHHGFBD28DA,坡道平面,1160000,25.44,地下二樓
RPXPMLQLMHHGFBD68DA,坡道平面,1230000,25.44,地下一樓
RPOSMLQLMHHGFBD08DA,坡道平面,1110000,25.44,地下二樓
RPQSMLQLMHHGFBD28DA,坡道平面,1130000,25.44,地下二樓
RPPQMLQLMHHGFBD97DA,坡道平面,1130000,25.44,地下二樓
RPPSMLQLMHHGFBD18DA,坡道平面,1160000,25.44,地下二樓
RPVQMLQLMHHGFBD58DA,坡道平面,1130000,25.44,地下二樓
RPWQMLQLMHHGFBD68DA,坡道平面,1260000,25.44,地下一樓
RPXQMLQLMHHGFBD78DA,坡道平面,1260000,25.44,地下一樓
RPOPMLQLMHHGFBD77DA,坡道平面,1000000,23.43,地下二樓
RPVOMLQLMHHGFBD38DA,坡道平面,1110000,25.44,地下二樓
RPQPMLQLMHHGFBD97DA,坡道平面,1180000,25.44,地下一樓
RPXNMLQLMHHGFBD48DA,坡道平面,1260000,25.44,地下一樓
RPTOMLQLMHHGFBD18DA,坡道平面,1120000,25.44,地下二樓
RPQOMLQLMHHGFBD87DA,坡道平面,1230000,25.44,地下一樓
RPOOMLQLMHHGFBD67DA,坡道平面,1210000,25.44,地下一樓
RPPQMLSLMHHGFBD18DA,坡道平面,1160000,25.44,地下二樓
RPSOMLQLMHHGFBD08DA,坡道平面,1160000,25.44,地下二樓
RPVPMLSLMHHGFBD68DA,坡道平面,1140000,25.44,地下一樓
RPTRMLRLMHHGFBD58DA,坡道平面,1130000,25.44,地下二樓
RPXPMLTKNHHGFBD98DA,坡道平面,1100000,30.18,地下三樓
RPORMLTKNHHGFBD28DA,坡道平面,1100000,30.18,地下三樓
RPRQMLTKNHHGFBD48DA,坡道平面,1300000,30.18,地下一樓
RPQQMLTKNHHGFBD38DA,坡道平面,1200000,30.18,地下二樓
RPRSMLTKNHHGFBD68DA,坡道平面,1200000,30.18,地下二樓
RPOPMLPLNHHGFBD77DA,坡道平面,1100000,23.61,地下二樓
RPUSMLTKNHHGFBD98DA,坡道平面,1100000,29.08,地下二樓
RPWQMLQKNHHGFBD68DA,坡道平面,1000000,24.39,地下二樓
RPXQMLQKNHHGFBD78DA,坡道平面,1000000,25.77,地下二樓
RPTSMLRKNHHGFBD68DA,坡道平面,950000,24.39,地下三樓
RPURMLQKNHHGFBD58DA,坡道平面,1000000,24.39,地下二樓
RPVQMLRKNHHGFBD68DA,坡道平面,1000000,24.39,地下二樓
RPUQMLRKNHHGFBD58DA,坡道機械,400000,18.85,地下三樓
RPXRMLRKNHHGFBD98DA,坡道平面,950000,24.39,地下三樓
RPQSMLRLMHHGFBD38DA,坡道平面,1050000,23.43,地下一樓
RPQQMLRJNHHGFBD08DA,坡道平面,950000,24.39,地下三樓
RPQQMLRJNHHGFBD08DA,坡道機械,400000,17.47,地下三樓
RPTNMLRLNHHGFBD28DA,坡道平面,1100000,30.18,地下三樓
RPUOMLQLMHHGFBD28DA,坡道平面,1070000,23.43,地下二樓
RPUPMLQLMHHGFBD38DA,坡道平面,1210000,25.44,地下一樓
RPXNMLTLMHHGFBD78DA,坡道平面,1040000,25.44,地下二樓
RPRQMLSLMHHGFBD38DA,坡道平面,1140000,25.44,地下一樓
RPQQMLNJNHHGFBD67DA,坡道平面,1190000,25.44,地下一樓
RPSPMLNJNHHGFBD77DA,坡道平面,1150000,25.44,地下二樓
RPQOMLTLMHHGFBD18DA,坡道平面,1050000,23.43,地下一樓
RPTPMLNJNHHGFBD87DA,坡道平面,1050000,23.43,地下一樓
RPQRMLNJNHHGFBD77DA,坡道平面,1160000,25.44,地下二樓
RPQOMLTJNHHGFBD08DA,坡道平面,1050000,25.44,地下二樓
RPSRMLNJNHHGFBD97DA,坡道平面,1160000,25.44,地下二樓
RPPOMLLJOHHGFBD27DA,坡道平面,1000000,23.61,地下三樓
RPSOMLTJNHHGFBD28DA,坡道平面,1260000,25.44,地下一樓
RPVNMLTLNHHGFBD68DA,坡道平面,1080000,25.44,地下二樓
RPSQMLMJOHHGFBD87DA,坡道平面,1100000,29.08,地下二樓
RPOQMLMJOHHGFBD47DA,坡道平面,1000000,29.08,地下三樓
RPQOMLOJNHHGFBD57DA,坡道平面,1100000,23.61,地下二樓
RPUNMLSLMHHGFBD38DA,坡道機械,650000,14.15,地下三樓
RPVNMLPJNHHGFBD08DA,坡道平面,1000000,23.61,地下三樓
RPOOMLOJNHHGFBD37DA,坡道機械,650000,14.15,地下三樓
RPQNMLPJNHHGFBD57DA,坡道平面,1000000,23.61,地下三樓
RPQSMLSLMHHGFBD48DA,坡道平面,1000000,24.39,地下二樓
RPPNNLSLMHHGFBD97DA,坡道平面,1050000,24.39,地下一樓
RPVWMLSLMHHGFBD76DA,坡道平面,950000,25.77,地下二樓
RPUWMLSLMHHGFBD66DA,坡道平面,950000,24.39,地下三樓
RPOUMLSLMHHGFBD48DA,坡道平面,1000000,24.38,地下二樓
RPUVMLSLMHHGFBD56DA,坡道機械,500000,18.85,地下三樓
RPXVMLSLMHHGFBD86DA,坡道機械,400000,18.51,地下三樓
RPTRMLSLMHHGFBD68DA,坡道平面,1000000,25.77,地下二樓
RPRRMLSLMHHGFBD48DA,坡道平面,1000000,24.39,地下二樓
RPOSMLSLMHHGFBD28DA,坡道平面,1000000,25.77,地下二樓
RPTWMLSLMHHGFBD56DA,坡道平面,950000,24.39,地下三樓
RPSRMLMKNHHGFBD97DA,坡道平面,950000,24.39,地下三樓
RPUPMLQKNHHGFBD38DA,坡道平面,950000,25.77,地下三樓
RPVNMLRKNHHGFBD38DA,坡道機械,400000,18.85,地下三樓
RPTQMLRJNHHGFBD38DA,坡道平面,950000,24.39,地下三樓
RPVRMLQKNHHGFBD68DA,坡道平面,1050000,24.39,地下一樓
RPUOMLLKNHHGFBD77DA,坡道平面,1000000,24.39,地下二樓
RPORMLRKNHHGFBD08DA,坡道平面,400000,18.85,地下三樓
RPPNMLLLNHHGFBD27DA,坡道平面,950000,24.39,地下三樓
RPSONLOLKHHGFHD38DA,坡道平面,950000,27.88,地下一樓
RPROMLPLLHHGFHD38DA,一樓平面,800000,21.44,一樓
RPSNMLMKNHHGFBD57DA,坡道平面,1200000,23.61,地下一樓
RPVNMLSLMHHGFBD48DA,坡道平面,1000000,23.61,地下三樓
RPVQMLLJMHHGFBD87DA,坡道平面,1100000,23.61,地下二樓
RPPOMLMKMHHGFAD17DA,坡道平面,1200000,29.86,地下四樓
RPONNLSLMHHGFBD87DA,坡道平面,1000000,24.39,地下二樓
RPSUMLSLMHHGFBD88DA,坡道平面,950000,24.39,地下三樓
RPVUMLSLMHHGFBD56DA,坡道平面,1000000,24.39,地下二樓
RPVVMLSLMHHGFBD66DA,坡道平面,950000,24.39,地下三樓
RPXNMLMKNHHGFBD08DA,坡道平面,1000000,23.61,地下三樓
RPXOMLPLNHHGFBD58DA,坡道平面,1000000,23.61,地下三樓
RPQNMLTKNHHGFBD08DA,坡道平面,1000000,23.61,地下三樓
RPWPMLQKNHHGFBD58DA,坡道平面,1000000,24.39,地下二樓
RPPPMLPLNHHGFBD87DA,坡道平面,1000000,23.61,地下三樓
RPOOMLSKNHHGFBD87DA,坡道機械,650000,14.15,地下三樓
RPQQMLQKNHHGFBD08DA,坡道平面,950000,24.39,地下三樓
RPRQMLQKNHHGFBD18DA,坡道平面,950000,24.39,地下三樓
RPTQMLQKNHHGFBD38DA,坡道平面,1000000,24.39,地下二樓
RPWQMLRKNHHGFBD78DA,坡道平面,950000,24.39,地下三樓
RPQRMLRKNHHGFBD28DA,坡道平面,950000,24.39,地下三樓
RPSSMLRKNHHGFBD58DA,坡道平面,950000,24.39,地下三樓
RPRRMLRKNHHGFBD38DA,坡道平面,1000000,24.39,地下二樓
RPSRMLRKNHHGFBD48DA,坡道平面,950000,24.39,地下三樓
RPVRMLRKNHHGFBD78DA,坡道平面,950000,24.39,地下三樓
RPPSMLRKNHHGFBD28DA,坡道平面,1000000,24.39,地下二樓
RPORMLMKNHHGFBD57DA,坡道平面,1000000,24.39,地下二樓
RPSQMLRJNHHGFBD28DA,坡道平面,950000,25.77,地下三樓
RPSQMLRJNHHGFBD28DA,坡道平面,950000,25.77,地下三樓
RPRQMLRJNHHGFBD18DA,坡道平面,1000000,24.39,地下二樓
RPVNMLLJOHHGFBD77DA,坡道平面,1100000,23.61,地下二樓
RPWQMLRJNHHGFBD68DA,坡道平面,1000000,24.39,地下二樓
RPRRMLRJNHHGFBD28DA,坡道平面,1000000,25.77,地下二樓
RPXQMLRJNHHGFBD78DA,坡道平面,1000000,24.39,地下二樓
RPQOMLLJOHHGFBD37DA,坡道機械,650000,14.15,地下三樓
RPUQMLRJNHHGFBD48DA,坡道平面,950000,25.77,地下三樓
RPSQMLOLNHHGFBD18DA,坡道平面,1000000,24.39,地下二樓
RPSNMLLJOHHGFBD47DA,坡道平面,1000000,23.61,地下三樓
RPRTMLNKLHHGFKD88DA,坡道平面,1550000,37.35,地下一樓
RPWSMLMKLHHGFKD56DA,坡道平面,1530000,37.35,地下一樓
RPXWMLSLMHHGFBD96DA,坡道平面,900000,23.35,地下三樓
RPTNMLPJNHHGFBD87DA,坡道機械,650000,14.15,地下三樓
RPSTMLSLMHHGFBD78DA,坡道平面,1000000,24.39,地下二樓
RPSTMLSLMHHGFBD78DA,坡道平面,1000000,24.39,地下二樓
RPSOMLTKMHHGFBD28DA,坡道平面,1000000,23.61,地下三樓
RPTTMLQLLHHGFKD86DA,坡道平面,1550000,37.35,地下一樓
RPRUMLSLMHHGFBD78DA,坡道平面,950000,23.35,地下二樓
RPPPMLSKNHHGFBD08DA,坡道平面,1100000,23.61,地下二樓
RPWNMLLJOHHGFBD87DA,坡道平面,1100000,23.61,地下二樓
RPUTMLNKLHHGFKD56DA,坡道平面,1530000,37.35,地下一樓
RPSOMLMKLHHGFKD38DA,坡道平面,1550000,37.35,地下一樓
RPSRMLQLLHHGFKD56DA,坡道平面,1550000,37.35,地下一樓
RPSTMLQLLHHGFKD76DA,坡道平面,1550000,37.35,地下一樓
RPVTMLQLLHHGFKD07DA,坡道平面,1530000,37.35,地下一樓
RPWNMLRJNHHGFBD38DA,坡道平面,950000,24.39,地下三樓
RPTNNLSLMHHGFBD38DA,坡道機械,400000,18.85,地下三樓
RPVNNLSLMHHGFBD58DA,坡道平面,950000,25.77,地下三樓
RPUNNLSLMHHGFBD48DA,坡道機械,500000,18.51,地下三樓
RPWWMLSLMHHGFBD86DA,坡道平面,950000,24.39,地下三樓
RPWNNLSLMHHGFBD68DA,坡道平面,1000000,24.39,地下二樓
RPQNNLSLMHHGFBD08DA,坡道機械,400000,18.85,地下三樓
RPOTMLSLMHHGFBD38DA,坡道機械,500000,18.85,地下三樓
RPPTMLSLMHHGFBD48DA,坡道平面,1000000,24.39,地下二樓
RPQTMLSLMHHGFBD58DA,坡道平面,1050000,24.39,地下一樓
RPSWMLSLMHHGFBD09DA,坡道平面,950000,23.35,地下二樓
RPTQMLSLMHHGFBD58DA,坡道平面,1000000,24.39,地下二樓
RPTQMLSLMHHGFBD58DA,坡道平面,1000000,24.39,地下三樓
RPUTMLSLMHHGFBD98DA,坡道平面,1050000,24.39,地下一樓
RPWVMLSLMHHGFBD76DA,坡道機械,500000,18.85,地下三樓
RPOPMLMKNHHGFBD47EA,坡道平面,950000,24.39,地下三樓
RPUQMLSLMHHGFBD68DA,坡道平面,1050000,24.39,地下一樓
RPSPMLQKNHHGFBD18DA,坡道平面,1000000,24.39,地下二樓
RPRNMLRKNHHGFBD97DA,坡道平面,900000,23.35,地下三樓
RPSNMLRKNHHGFBD08DA,坡道平面,950000,24.39,地下三樓
RPOSMLQKNHHGFBD08DA,坡道平面,900000,23.35,地下三樓
RPTNMLRKNHHGFBD18DA,坡道平面,900000,23.35,地下三樓
RPUNMLRKNHHGFBD28DA,坡道機械,400000,18.85,地下三樓
RPPRMLRKNHHGFBD18DA,坡道平面,1000000,24.39,地下二樓
RPWOMLQKNHHGFBD48DA,坡道平面,1000000,24.39,地下二樓
RPOSMLRKNHHGFBD18DA,坡道機械,500000,17.47,地下三樓
RPUSMLRKNHHGFBD78DA,坡道平面,950000,23.35,地下二樓
RPXRMLQKNHHGFBD88DA,坡道平面,900000,23.35,地下三樓
RPOQMLRJNHHGFBD87DA,坡道平面,1000000,24.39,地下二樓
RPORMLRJNHHGFBD97DA,坡道平面,1050000,24.39,地下一樓
RPQRMLRJNHHGFBD18DA,坡道平面,1000000,24.39,地下二樓
RPSTMLNKLHHGFKD98DA,坡道平面,1520000,37.35,地下一樓
RPTOMLMKLHHGFKD48DA,坡道平面,1520000,37.35,地下一樓
RPOTMLMKLHHGFKD48DA,坡道平面,1410000,37.35,地下二樓
RPOTMLMKLHHGFKD48DA,坡道平面,1230000,37.35,地下四樓
RPRONLOLKHHGFHD28DA,坡道平面,850000,27.88,地下二樓
RPRONLOLKHHGFHD28DA,坡道平面,850000,27.88,地下二樓
RPQOMLRLLHHGFKD78DA,坡道平面,1550000,37.35,地下一樓
RPQRMLQLLHHGFKD98DA,坡道平面,1550000,37.35,地下一樓
RPPNMLOKLHHGFHD87DA,坡道平面,850000,27.88,地下一樓
RPWOMLOLLHHGFKD09DA,坡道平面,1550000,37.35,地下一樓
RPUPMLPKLHHGFKD98DA,坡道平面,1550000,37.35,地下一樓
RPSTMLMKLHHGFKD88DA,坡道平面,1250000,37.35,地下四樓
RPUVMLMKLHHGFKD66DA,坡道平面,1480000,37.35,地下二樓
RPRQMLRLLHHGFKD09DA,坡道平面,1520000,37.35,地下一樓
RPXQMLOLLHHGFKD76DA,坡道平面,1250000,37.35,地下四樓
RPVVMLMKLHHGFKD76DA,坡道平面,1550000,37.35,地下一樓
RPVVMLMKLHHGFKD76DA,坡道平面,1550000,37.35,地下一樓
RPXNMLPJLHHGFHD68DA,坡道平面,900000,27.88,地下二樓
RPXRMLOLLHHGFKD86DA,坡道平面,1430000,37.35,地下二樓
RPUOMLOLLHHGFKD88DA,坡道平面,1420000,37.35,地下二樓
RPUOMLOLLHHGFKD88DA,坡道平面,1420000,37.35,地下二樓
RPPOMLPLLHHGFKD48DA,坡道平面,1410000,37.35,地下二樓
RPSPMLRLLHHGFKD09DA,坡道平面,143,37.35,地下二樓
RPTONLOLKHHGFHD48DA,坡道平面,850000,27.88,地下一樓
RPORMLOLLHHGFKD58DA,坡道平面,1430000,37.35,地下二樓
RPROMLNKLHHGFHD08DA,坡道平面,850000,27.88,地下一樓
RPXOMLOLLHHGFKD56DA,坡道平面,1480000,37.35,地下二樓
RPXOMLOLLHHGFKD56DA,坡道平面,1480000,37.35,地下二樓
RPURMLOLLHHGFKD56DA,坡道平面,1410000,37.35,地下二樓
RPUQMLOLLHHGFKD09DA,坡道平面,1170000,44.88,地下二樓
RPUQMLOLLHHGFKD09DA,坡道平面,1430000,37.35,地下二樓
RPWPMLOKLHHGFKD09DA,坡道平面,1230000,37.35,地下四樓
RPWTMLMKLHHGFKD66DA,坡道平面,1410000,37.35,地下二樓
RPWTMLMKLHHGFKD66DA,坡道平面,1410000,37.35,地下二樓
RPPOMLMKLHHGFKD08DA,坡道平面,1410000,37.35,地下二樓
RPSSMLQLLHHGFKD66DA,坡道平面,1410000,37.35,地下二樓
RPOOMLQJMHHGFHD08DA,坡道平面,950000,27.88,地下一樓
RPSOMLNKLHHGFHD18DA,坡道平面,850000,27.88,地下二樓
RPOPMLMKLHHGFKD08DA,坡道平面,1150000,37.35,地下五樓含以下
RPVPMLOKLHHGFKD98DA,坡道平面,1270000,37.35,地下四樓
RPRSMLMKLHHGFKD68DA,坡道平面,1350000,37.35,地下三樓
RPQPMLOLLHHGFKD58DA,坡道平面,1410000,37.35,地下二樓
RPQPMLOLLHHGFKD58DA,坡道平面,1410000,37.35,地下二樓
RPVQMLOKLHHGFKD09DA,坡道平面,1230000,37.35,地下四樓
RPWQMLOLLHHGFKD66DA,坡道平面,1350000,37.35,地下三樓
RPQTMLNKLHHGFKD78DA,坡道平面,1230000,37.35,地下四樓
RPXSMLMKLHHGFKD66DA,坡道平面,1350000,37.35,地下三樓
RPXSMLMKLHHGFKD66DA,坡道平面,1350000,37.35,地下三樓
RPPPMLOLLHHGFKD48DA,坡道平面,1330000,37.35,地下三樓
RPPPMLOLLHHGFKD48DA,坡道平面,1330000,37.35,地下三樓
RPORMLQLLHHGFKD78DA,坡道平面,1250000,37.35,地下四樓
RPVOMLOLLHHGFKD98DA,坡道平面,1330000,37.35,地下三樓
RPVOMLOLLHHGFKD98DA,坡道平面,1210000,40.80,地下一樓
RPVTMLNKLHHGFKD66DA,坡道平面,1250000,37.35,地下四樓
RPPWMLMKLHHGFKD88DA,坡道平面,1250000,37.35,地下四樓
RPTNMLMKLHHGFKD38DA,坡道平面,1250000,37.35,地下四樓
RPVQMLOLLHHGFKD56DA,坡道平面,1250000,37.35,地下四樓
RPTSMLMKLHHGFKD88DA,坡道平面,1390000,37.35,地下三樓
RPSOMLQLLHHGFKD88DA,坡道平面,1410000,37.35,地下二樓
RPVRMLOLLHHGFKD66DA,坡道平面,1230000,37.35,地下四樓
RPRQMLMKLHHGFKD48DA,坡道平面,1350000,37.35,地下三樓
RPUUMLOLLHHGFKD86DA,坡道平面,1410000,37.35,地下二樓
RPQVMLOLLHHGFKD56DA,坡道平面,1550000,37.35,地下一樓
RPQVMLOLLHHGFKD56DA,坡道平面,1550000,37.35,地下一樓
RPQVMLOLLHHGFKD56DA,坡道平面,1550000,37.35,地下一樓
RPPQMLRLLHHGFKD88DA,坡道平面,1230000,37.35,地下四樓
RPTQMLOLLHHGFKD98DA,坡道平面,1350000,37.35,地下三樓
RPSPMLOKLHHGFKD68DA,坡道平面,1230000,37.35,地下四樓
RPPQMLOKLHHGFKD48DA,坡道平面,1170000,37.35,地下五樓含以下
RPQSMLMKLHHGFKD58DA,坡道平面,1250000,37.35,地下四樓
RPUQMLOKLHHGFKD98DA,坡道平面,1250000,37.35,地下四樓
RPOVMLMKLHHGFKD68DA,坡道平面,1330000,37.35,地下三樓
RPOQMLMKLHHGFKD18DA,坡道平面,1230000,37.35,地下四樓
RPVRMLMKLHHGFKD98DA,坡道平面,1250000,37.35,地下四樓
RPQPMLNKLHHGFKD38DA,坡道平面,1250000,,地下四樓
RPUNMLPKLHHGFKD78DA,坡道平面,1250000,37.35,地下四樓
RPTQMLOKLHHGFKD88DA,坡道平面,1250000,37.35,地下四樓
RPPSMLQLLHHGFKD98DA,坡道平面,1270000,37.35,地下四樓
RPVPMLLKNHHGFAD87DA,坡道平面,1300000,29.86,地下三樓
RPVPMLLKNHHGFAD87DA,坡道平面,1300000,29.86,地下三樓
RPUNMLNJMHHGFKD58DA,坡道平面,1130000,37.35,地下五樓含以下
RPQTMLOLLHHGFKD98DA,坡道平面,1550000,37.35,地下一樓
RPQNMLOJMHHGFKD28DA,坡道平面,1250000,37.35,地下四樓
RPOOMLQLLHHGFKD48DA,坡道平面,1250000,37.35,地下四樓
RPPOMLQLLHHGFKD58DA,坡道平面,1270000,37.35,地下四樓
RPXSMLOLLHHGFKD96DA,坡道平面,1150000,37.35,地下五樓含以下
RPOVMLOLLHHGFKD98DA,坡道平面,1250000,37.35,地下四樓
RPPRMLPKLHHGFKD68DA,坡道平面,1230000,37.35,地下四樓
RPRNMLPKLHHGFKD48DA,坡道平面,1430000,37.35,地下二樓
RPVTMLMKLHHGFKD56DA,坡道平面,1250000,37.35,地下四樓
RPVTMLMKLHHGFKD56DA,坡道平面,1250000,37.35,地下四樓
RPTNMLNKLHHGFKD48DA,坡道平面,1330000,37.35,地下三樓
RPTNMLNKLHHGFKD48DA,坡道平面,1330000,37.35,地下三樓
RPTRMLMKLHHGFKD78DA,坡道平面,1170000,37.35,地下五樓含以下
RPPSMLMKLHHGFKD48DA,坡道平面,1250000,37.35,地下四樓
RPWOMLMKLHHGFKD78DA,坡道平面,1330000,37.35,地下三樓
RPROMLMKLHHGFKD28DA,坡道平面,1250000,37.35,地下四樓
RPWVMLMKLHHGFKD86DA,坡道平面,1230000,37.35,地下四樓
RPWRMLMKLHHGFKD09DA,坡道平面,1150000,37.35,地下五樓含以下
RPSSMLMKLHHGFKD78DA,坡道平面,1550000,37.35,地下一樓
RPVNMLPKLHHGFKD88DA,坡道平面,1250000,37.35,地下四樓
RPWRMLQLLHHGFKD96DA,坡道平面,1360000,37.35,地下二樓
RPWNMLNJMHHGFKD78DA,坡道平面,1180000,37.35,地下四樓
RPVNMLNJMHHGFKD68DA,坡道平面,1300000,37.35,地下三樓
RPSUMLOLLHHGFKD66DA,坡道平面,1100000,37.35,地下五樓含以下
RPSOMLSLMHHGFAD18DA,坡道平面,1200000,29.86,地下四樓
RPQSMLQLLHHGFKD09DA,坡道平面,1550000,37.35,地下一樓
RPOTMLOLLHHGFKD78DA,坡道平面,1240000,37.35,地下二樓
RPOTMLOLLHHGFKD78DA,坡道平面,1240000,37.35,地下五樓含以下
RPPTMLQLLHHGFKD09DA,坡道平面,1380000,37.35,地下二樓
RPTUMLOLLHHGFKD76DA,坡道平面,1100000,37.35,地下五樓含以下
RPOQMLOKLHHGFKD38DA,坡道平面,1280000,37.35,地下三樓
RPQQMLOKLHHGFKD58DA,坡道平面,1100000,37.35,地下五樓含以下
RPSQMLOKLHHGFKD78DA,坡道平面,1410000,37.35,地下二樓
RPTNMLPKLHHGFKD68DA,坡道平面,1410000,37.35,地下二樓
RPTNMLPKLHHGFKD68DA,坡道平面,1250000,44.88,地下二樓
RPVOMLKKLHHGFKD48DA,坡道平面,1380000,37.35,地下二樓
RPVOMLKKLHHGFKD48DA,坡道平面,1380000,37.35,地下二樓
RPSRMLMKLHHGFKD68DA,坡道平面,1180000,37.35,地下四樓
RPVSMLMKLHHGFKD09DA,坡道平面,1380000,37.35,地下二樓
RPQPMLRLLHHGFKD88DA,坡道平面,1100000,37.35,地下五樓含以下
RPQPMLRLLHHGFKD88DA,坡道平面,1100000,37.35,地下五樓含以下
RPPPMLMKLHHGFKD18DA,坡道平面,1300000,37.35,地下三樓
RPUSMLOLLHHGFKD66DA,坡道平面,1410000,37.35,地下二樓
RPRNMLNJMHHGFKD28DA,坡道平面,1350000,37.35,地下三樓
RPSOMLOLLHHGFKD68DA,坡道平面,1100000,37.35,地下五樓含以下
RPUVMLOLLHHGFKD96DA,坡道平面,1100000,37.35,地下五樓含以下
RPUVMLOLLHHGFKD96DA,坡道平面,1100000,37.35,地下五樓含以下
RPPTMLOLLHHGFKD88DA,坡道平面,1080000,37.35,地下五樓含以下
RPQRMLPKLHHGFKD78DA,坡道平面,1300000,37.35,地下三樓
RPQRMLPKLHHGFKD78DA,坡道平面,1300000,37.35,地下三樓
RPQNMLOKLHHGFKD28DA,坡道平面,1300000,37.35,地下三樓
RPQNMLPKLHHGFKD38DA,坡道平面,1200000,37.35,地下四樓
RPPNMLOKLHHGFKD18DA,坡道平面,1380000,37.35,地下二樓
RPXVMLMKLHHGFKD96DA,坡道平面,1300000,37.35,地下三樓
RPQQMLLKLHHGFKD28DA,坡道平面,1470000,37.35,地下一樓
RPQVMLMKLHHGFKD88DA,坡道平面,1100000,37.35,地下五樓含以下
RPQVMLMKLHHGFKD88DA,坡道平面,1350000,44.88,地下一樓
RPOOMLMKLHHGFKD97DA,坡道平面,1360000,37.35,地下二樓
RPORMLMKLHHGFKD28DA,坡道平面,1280000,37.35,地下三樓
RPWPMLMKLHHGFKD88DA,坡道平面,1280000,37.35,地下三樓
RPSNMLOKLHHGFKD48DA,坡道平面,1100000,37.35,地下五樓含以下
RPXOMLLKLHHGFKD78DA,坡道平面,1430000,37.35,地下二樓
RPXOMLLKLHHGFKD78DA,坡道平面,1430000,37.35,地下二樓
RPWPMLOLLHHGFKD56DA,坡道平面,1080000,37.35,地下五樓含以下
RPUPMLOLLHHGFKD98DA,坡道平面,1080000,37.35,地下五樓含以下
RPPUMLOLLHHGFKD98DA,坡道平面,1080000,37.35,地下五樓含以下
RPQOMLOLLHHGFKD48DA,坡道平面,1100000,37.35,地下五樓含以下
RPSQMLOLLHHGFKD88DA,坡道平面,1080000,37.35,地下五樓含以下
RPRUMLOLLHHGFKD56DA,坡道平面,1300000,37.35,地下三樓
RPSRMLOLLHHGFKD98DA,坡道平面,1180000,37.35,地下四樓
RPSRMLOLLHHGFKD98DA,坡道平面,1180000,37.35,地下四樓
RPWSMLOLLHHGFKD86DA,坡道平面,900000,37.35,地下五樓含以下
RPSSMLOLLHHGFKD09DA,坡道平面,1080000,37.35,地下五樓含以下
RPPNMLOJMHHGFKD18DA,坡道平面,1380000,37.35,地下二樓
RPUQMLQLLHHGFKD66DA,坡道平面,1120000,37.35,地下五樓含以下
RPXNMLNJMHHGFKD88DA,坡道平面,1360000,37.35,地下二樓
RPWTMLOLLHHGFKD96DA,坡道平面,1080000,37.35,地下五樓含以下
RPRTMLOLLHHGFKD09DA,坡道平面,1180000,37.35,地下四樓
RPTTMLOLLHHGFKD66DA,坡道平面,1020000,34.43,地下四樓
RPQSMLOLLHHGFKD88DA,坡道平面,1380000,37.35,地下二樓
RPQSMLOLLHHGFKD88DA,坡道平面,1380000,37.35,地下二樓
RPWVMLOLLHHGFKD17DA,坡道平面,1180000,37.35,地下四樓
RPSPMLPKLHHGFKD78DA,坡道平面,1300000,37.35,地下一樓
RPPUMLMKLHHGFKD68DA,坡道平面,940000,37.35,地下五樓含以下
RPSUMLMKLHHGFKD98DA,坡道平面,940000,37.35,地下五樓含以下
RPWUMLMKLHHGFKD76DA,坡道平面,900000,37.35,地下五樓含以下
RPXTMLMKLHHGFKD76DA,坡道平面,1280000,37.35,地下三樓
RPXPMLOKLHHGFKD56DA,坡道平面,1340000,37.35,地下一樓
RPRQMLOKLHHGFKD68DA,坡道平面,1340000,37.35,地下一樓
RPVUMLMKLHHGFKD66DA,坡道平面,1080000,37.35,地下五樓含以下
RPPNMLNKLHHGFKD08DA,坡道平面,1300000,37.35,地下三樓
RPPNMLNKLHHGFKD08DA,坡道平面,1300000,37.35,地下三樓
RPQNMLNKLHHGFKD18DA,坡道平面,1120000,37.35,地下五樓含以下
RPTQMLLKLHHGFKD58DA,坡道平面,1300000,37.35,地下三樓
RPTQMLLKLHHGFKD58DA,坡道平面,1300000,37.35,地下三樓
RPSNMLNKLHHGFKD38DA,坡道平面,1300000,37.35,地下一樓
RPTRMLLKLHHGFKD68DA,坡道平面,1080000,37.35,地下五樓含以下
RPWQMLLKLHHGFKD88DA,坡道平面,1100000,37.35,地下五樓含以下
RPSNMLMKLHHGFKD28DA,坡道平面,1180000,37.35,地下四樓
RPSRMLLKLHHGFKD58DA,坡道平面,1100000,37.35,地下五樓含以下
RPUNMLMKLHHGFKD48DA,坡道平面,1190000,37.35,地下二樓
RPUOMLMKLHHGFKD58DA,坡道平面,1200000,37.35,地下四樓
RPVPMLMKLHHGFKD78DA,坡道平面,1100000,37.35,地下三樓
RPVPMLMKLHHGFKD78DA,坡道平面,1000000,37.35,地下四樓
RPXRMLMKLHHGFKD56DA,坡道平面,1380000,37.35,地下二樓
RPXRMLMKLHHGFKD56DA,坡道平面,1250000,44.88,地下二樓
RPXRMLMKLHHGFKD56DA,坡道平面,1250000,44.88,地下二樓
RPVQMLMKLHHGFKD88DA,坡道平面,1040000,37.35,地下四樓
RPSQMLMKLHHGFKD58DA,坡道平面,1040000,37.35,地下四樓
RPTTMLNKLHHGFKD09DA,坡道平面,1200000,37.35,地下四樓
RPWQMLMKLHHGFKD98DA,坡道平面,1220000,37.35,地下四樓
RPOQMLOLLHHGFKD48DA,坡道平面,1300000,37.35,地下三樓
RPQNMLMKLHHGFKD08DA,坡道平面,920000,37.35,地下五樓含以下
RPUTMLQLLHHGFKD96DA,坡道平面,1500000,37.35,地下一樓
RPUTMLQLLHHGFKD96DA,坡道平面,1350000,44.88,地下一樓
RPPQMLOLLHHGFKD58DA,坡道平面,1040000,37.35,地下四樓
RPXNMLQLLHHGFKD66DA,坡道平面,880000,37.35,地下三樓
RPUNMLOJMHHGFKD68DA,坡道平面,1000000,37.35,地下四樓
RPTNMLNJMHHGFKD48DA,坡道平面,1120000,34.43,地下三樓
RPWPMLQLLHHGFKD76DA,坡道平面,1540000,37.35,地下一樓
RPWPMLQLLHHGFKD76DA,坡道平面,1540000,37.35,地下一樓
RPWQMLQLLHHGFKD86DA,坡道平面,1300000,37.35,地下三樓
RPQNMLTJNHHGFKD98EA,坡道平面,1080000,37.35,地下五樓含以下
RPQQMLQLLHHGFKD88DA,坡道平面,1280000,37.35,地下三樓
RPRPMLOLLHHGFKD68DA,坡道平面,900000,37.35,地下五樓含以下
RPORMLPKLHHGFKD58DA,坡道平面,1000000,37.35,地下四樓
RPVTMLOLLHHGFKD86DA,坡道平面,1380000,37.35,地下二樓
RPPNMLPKLHHGFKD28DA,坡道平面,920000,37.35,地下五樓含以下
RPRNMLOKLHHGFKD38DA,坡道平面,1140000,37.35,地下三樓
RPSNMLPKLHHGFKD58DA,坡道平面,1190000,37.35,地下二樓
RPRVMLMKLHHGFKD98DA,坡道平面,1200000,37.35,地下四樓
RPRUMLMKLHHGFKD88DA,坡道平面,1040000,37.35,地下四樓
RPTUMLMKLHHGFKD09DA,坡道平面,1380000,37.35,地下二樓
RPOWMLMKLHHGFKD78DA,坡道平面,1500000,37.35,地下一樓
RPOWMLMKLHHGFKD78DA,坡道平面,1500000,37.35,地下一樓
RPSVMLMKLHHGFKD09DA,坡道平面,940000,37.35,地下五樓含以下
RPXUMLMKLHHGFKD86DA,坡道平面,1070000,37.35,地下一樓
RPXUMLMKLHHGFKD86DA,坡道平面,1070000,37.35,地下一樓
RPXUMLMKLHHGFKD86DA,坡道平面,900000,37.35,地下五樓含以下
RPPQMLLKLHHGFKD18DA,坡道平面,1080000,37.35,地下五樓含以下
RPRNMLNKLHHGFKD28DA,坡道平面,1100000,37.35,地下五樓含以下
RPRNMLNKLHHGFKD28DA,坡道平面,1100000,37.35,地下五樓含以下
RPUQMLLKLHHGFKD68DA,坡道平面,1080000,37.35,地下五樓含以下
RPUQMLLKLHHGFKD68DA,坡道平面,1080000,37.35,地下五樓含以下
RPPRMLLKLHHGFKD28DA,坡道平面,1100000,37.35,地下三樓
RPVQMLLKLHHGFKD78DA,坡道平面,1470000,37.35,地下一樓
RPRRMLLKLHHGFKD48DA,坡道平面,1020000,37.35,地下四樓
RPWNMLMKLHHGFKD68DA,坡道平面,1230000,37.35,地下二樓
RPQRMLLKLHHGFKD38DA,坡道平面,900000,37.35,地下五樓含以下
RPPNMLMKLHHGFKD97DA,坡道平面,1190000,37.35,地下二樓
RPQOMLMKLHHGFKD18DA,坡道平面,1500000,37.35,地下一樓
RPVOMLMKLHHGFKD68DA,坡道平面,1250000,37.35,地下一樓
RPVOMLMKLHHGFKD68DA,坡道平面,1250000,37.35,地下一樓
RPRPMLMKLHHGFKD38DA,坡道平面,1280000,37.35,地下三樓
RPUPMLMKLHHGFKD68DA,坡道平面,1080000,37.35,地下五樓含以下
RPQQMLMKLHHGFKD38DA,坡道平面,1220000,37.35,地下二樓
RPURMLMKLHHGFKD88DA,坡道平面,1080000,37.35,地下五樓含以下
RPOSMLMKLHHGFKD38DA,坡道平面,1300000,37.35,地下三樓
RPXQMLMKLHHGFKD09DA,坡道平面,1140000,37.35,地下三樓
RPQRMLMKLHHGFKD48DA,坡道平面,1230000,37.35,地下二樓
RPUQMLMKLHHGFKD78DA,坡道平面,1300000,37.35,地下三樓
RPXNMLPLLHHGFKD56DA,坡道平面,1100000,37.35,地下五樓含以下
RPXNMLPLLHHGFKD56DA,坡道平面,1100000,37.35,地下五樓含以下
RPPTMLMKLHHGFKD58DA,坡道平面,1200000,37.35,地下四樓
RPXOMLKKLHHGFKD68DA,坡道平面,1380000,37.35,地下二樓
RPXOMLKKLHHGFKD68DA,坡道平面,1380000,37.35,地下二樓
RPXQMLLKLHHGFKD98DA,坡道平面,1100000,37.35,地下五樓含以下
RPPQMLMKLHHGFKD28DA,坡道平面,1120000,37.35,地下三樓
RPPRMLMKLHHGFKD38DA,坡道平面,1140000,37.35,地下三樓
RPXQMLQLLHHGFKD96DA,坡道平面,1300000,37.35,地下三樓
RPSPMLOLLHHGFKD78DA,坡道平面,940000,37.35,地下五樓含以下
RPWNMLQLLHHGFKD56DA,坡道平面,1180000,37.35,地下四樓
RPPQMLQLLHHGFKD78DA,坡道平面,1000000,37.35,地下四樓
RPURMLQLLHHGFKD76DA,坡道平面,1380000,37.35,地下二樓
RPUPMLQLLHHGFKD56DA,坡道平面,1380000,37.35,地下二樓
RPSQMLQLLHHGFKD09DA,坡道平面,920000,37.35,地下五樓含以下
RPRRMLOLLHHGFKD88DA,坡道平面,1280000,37.35,地下三樓
RPVUMLOLLHHGFKD96DA,坡道平面,1140000,37.35,地下三樓
RPWUMLOLLHHGFKD07DA,坡道平面,1080000,37.35,地下五樓含以下
RPXUMLOLLHHGFKD17DA,坡道平面,1190000,37.35,地下二樓
RPXUMLOLLHHGFKD17DA,坡道平面,1190000,37.35,地下二樓
RPRVMLOLLHHGFKD66DA,坡道平面,1080000,37.35,地下五樓含以下
RPTNMLQLLHHGFKD88DA,坡道平面,1080000,37.35,地下五樓含以下
RPQTMLQLLHHGFKD56DA,坡道平面,1400000,37.35,地下一樓
RPQNMLNJMHHGFKD18DA,坡道平面,920000,34.43,地下五樓含以下
RPSNMLNJMHHGFKD38DA,坡道平面,1100000,37.35,地下五樓含以下
RPUNMLQLLHHGFKD98DA,坡道平面,1080000,37.35,地下五樓含以下
RPTOMLOLLHHGFKD78DA,坡道平面,1110000,37.35,地下三樓
RPTOMLOLLHHGFKD78DA,坡道平面,1110000,37.35,地下三樓
RPOQMLQLLHHGFKD68DA,坡道平面,1400000,37.35,地下一樓
